2.269113602760462756e-02 0.000000000000000000e+00 5.002383223435588611e-02
2.269113602760462756e-02 0.000000000000000000e+00 5.002383223435588611e-02
2.269113602760462756e-02 0.000000000000000000e+00 5.002383223435588611e-02
2.269113602760462756e-02 0.000000000000000000e+00 4.989599269980232732e-02
2.269113602760462756e-02 0.000000000000000000e+00 4.989599269980232732e-02
2.269113602760462756e-02 0.000000000000000000e+00 4.989599269980232732e-02
2.269113602760462756e-02 0.000000000000000000e+00 4.989599269980232732e-02
2.269113602760462756e-02 0.000000000000000000e+00 4.989599269980232732e-02
2.269113602760462756e-02 0.000000000000000000e+00 4.989599269980232732e-02
2.269113602760462756e-02 0.000000000000000000e+00 4.989599269980232732e-02
2.269113602760462756e-02 0.000000000000000000e+00 4.989599269980232732e-02
2.269113602760462756e-02 0.000000000000000000e+00 4.989599269980232732e-02
2.269113602760462756e-02 0.000000000000000000e+00 4.989599269980232732e-02
2.269113602760462756e-02 0.000000000000000000e+00 4.989599269980232732e-02
2.269113602760462756e-02 0.000000000000000000e+00 4.989599269980232732e-02
2.269113602760462756e-02 0.000000000000000000e+00 4.989599269980232732e-02
2.269113602760462756e-02 0.000000000000000000e+00 4.989599269980232732e-02
2.269113602760462756e-02 0.000000000000000000e+00 4.989599269980232732e-02
2.269113602760462756e-02 0.000000000000000000e+00 4.989599269980232732e-02
2.269113602760462756e-02 0.000000000000000000e+00 4.989599269980232732e-02
2.269113602760462756e-02 0.000000000000000000e+00 4.989599269980232732e-02
2.269113602760462756e-02 0.000000000000000000e+00 4.989599269980232732e-02
2.269113602760462756e-02 0.000000000000000000e+00 4.989599269980232732e-02
2.269113602760462756e-02 0.000000000000000000e+00 4.989599269980232732e-02
2.269113602760462756e-02 0.000000000000000000e+00 4.989599269980232732e-02
2.269113602760462756e-02 0.000000000000000000e+00 4.989599269980232732e-02
2.269113602760462756e-02 0.000000000000000000e+00 4.989599269980232732e-02
2.269113602760462756e-02 0.000000000000000000e+00 4.989599269980232732e-02
2.269113602760462756e-02 0.000000000000000000e+00 4.989599269980232732e-02
2.269113602760462756e-02 0.000000000000000000e+00 4.989599269980232732e-02
2.269113602760462756e-02 0.000000000000000000e+00 4.988091879191355882e-02
2.269113602760462756e-02 0.000000000000000000e+00 4.986268107985869502e-02
2.269113602760462756e-02 0.000000000000000000e+00 4.984450188452699965e-02
2.269113602760462756e-02 0.000000000000000000e+00 4.982889742501481894e-02
2.269113602760462756e-02 0.000000000000000000e+00 4.981050366836483473e-02
2.269113602760462756e-02 0.000000000000000000e+00 4.979491871442703887e-02
2.269113602760462756e-02 0.000000000000000000e+00 4.977689556369047086e-02
2.269113602760462756e-02 0.000000000000000000e+00 4.976817267082316726e-02
2.269113602760462756e-02 0.000000000000000000e+00 4.976817267082316726e-02
2.269113602760462756e-02 0.000000000000000000e+00 4.976817267082316726e-02
2.269113602760462756e-02 0.000000000000000000e+00 4.976817267082316726e-02
2.269113602760462756e-02 0.000000000000000000e+00 4.976817267082316726e-02
2.269113602760462756e-02 0.000000000000000000e+00 4.976817267082316726e-02
2.269113602760462756e-02 0.000000000000000000e+00 4.976817267082316726e-02
2.269113602760462756e-02 0.000000000000000000e+00 4.976817267082316726e-02
2.269113602760462756e-02 0.000000000000000000e+00 4.976817267082316726e-02
2.269113602760462756e-02 0.000000000000000000e+00 4.976817267082316726e-02
2.269113602760462756e-02 0.000000000000000000e+00 4.976817267082316726e-02
2.269113602760462756e-02 0.000000000000000000e+00 4.976817267082316726e-02
2.269113602760462756e-02 0.000000000000000000e+00 4.976817267082316726e-02
2.269113602760462756e-02 0.000000000000000000e+00 4.976817267082316726e-02
2.269113602760462756e-02 0.000000000000000000e+00 4.976817267082316726e-02
2.269113602760462756e-02 0.000000000000000000e+00 4.976817267082316726e-02
2.269113602760462756e-02 0.000000000000000000e+00 4.976817267082316726e-02
2.269113602760462756e-02 0.000000000000000000e+00 4.976817267082316726e-02
2.269113602760462756e-02 0.000000000000000000e+00 4.976817267082316726e-02
2.269113602760462756e-02 0.000000000000000000e+00 4.976817267082316726e-02
2.269113602760462756e-02 0.000000000000000000e+00 4.976817267082316726e-02
2.269113602760462756e-02 0.000000000000000000e+00 4.976817267082316726e-02
2.269113602760462756e-02 0.000000000000000000e+00 4.976817267082316726e-02
2.269113602760462756e-02 0.000000000000000000e+00 4.976817267082316726e-02
2.269113602760462756e-02 0.000000000000000000e+00 4.976817267082316726e-02
2.269113602760462756e-02 0.000000000000000000e+00 4.976817267082316726e-02
2.269113602760462756e-02 0.000000000000000000e+00 4.976817267082316726e-02
2.269113602760462756e-02 0.000000000000000000e+00 4.976817267082316726e-02
2.269113602760462756e-02 0.000000000000000000e+00 4.976817267082316726e-02
2.269113602760462756e-02 0.000000000000000000e+00 4.976817267082316726e-02
2.269113602760462756e-02 0.000000000000000000e+00 4.976817267082316726e-02
2.269113602760462756e-02 0.000000000000000000e+00 4.976817267082316726e-02
2.269113602760462756e-02 0.000000000000000000e+00 4.976817267082316726e-02
2.269113602760462756e-02 0.000000000000000000e+00 4.976817267082316726e-02
2.269113602760462756e-02 0.000000000000000000e+00 4.976817267082316726e-02
2.269113602760462756e-02 0.000000000000000000e+00 4.976817267082316726e-02
2.269113602760462756e-02 0.000000000000000000e+00 4.976817267082316726e-02
2.269113602760462756e-02 0.000000000000000000e+00 4.976817267082316726e-02
2.269113602760462756e-02 0.000000000000000000e+00 4.976817267082316726e-02
2.269113602760462756e-02 0.000000000000000000e+00 4.976817267082316726e-02
2.269113602760462756e-02 0.000000000000000000e+00 4.976817267082316726e-02
2.269113602760462756e-02 0.000000000000000000e+00 4.976817267082316726e-02
2.269113602760462756e-02 0.000000000000000000e+00 4.976817267082316726e-02
2.269113602760462756e-02 0.000000000000000000e+00 4.976817267082316726e-02
2.269113602760462756e-02 0.000000000000000000e+00 4.976817267082316726e-02
2.269113602760462756e-02 0.000000000000000000e+00 4.976817267082316726e-02
2.269113602760462756e-02 0.000000000000000000e+00 4.976817267082316726e-02
2.269113602760462756e-02 0.000000000000000000e+00 4.976817267082316726e-02
2.269113602760462756e-02 0.000000000000000000e+00 4.976817267082316726e-02
2.269113602760462756e-02 0.000000000000000000e+00 4.976817267082316726e-02
2.269113602760462756e-02 0.000000000000000000e+00 4.976817267082316726e-02
2.269113602760462756e-02 0.000000000000000000e+00 4.976817267082316726e-02
2.269113602760462756e-02 0.000000000000000000e+00 4.976817267082316726e-02
2.269113602760462756e-02 0.000000000000000000e+00 4.976817267082316726e-02
2.269113602760462756e-02 0.000000000000000000e+00 4.976817267082316726e-02
2.269113602760462756e-02 0.000000000000000000e+00 4.976817267082316726e-02
2.269113602760462756e-02 0.000000000000000000e+00 4.976817267082316726e-02
2.269113602760462756e-02 0.000000000000000000e+00 4.976817267082316726e-02
2.269113602760462756e-02 0.000000000000000000e+00 4.976817267082316726e-02
2.269113602760462756e-02 0.000000000000000000e+00 4.976817267082316726e-02
2.269113602760462756e-02 0.000000000000000000e+00 4.976817267082316726e-02
2.269113602760462756e-02 0.000000000000000000e+00 4.976817267082316726e-02
2.269113602760462756e-02 0.000000000000000000e+00 4.976817267082316726e-02
2.269113602760462756e-02 0.000000000000000000e+00 4.976817267082316726e-02
2.269113602760462756e-02 0.000000000000000000e+00 4.976817267082316726e-02
2.269113602760462756e-02 0.000000000000000000e+00 4.976817267082316726e-02
2.269113602760462756e-02 0.000000000000000000e+00 4.976817267082316726e-02
2.269113602760462756e-02 0.000000000000000000e+00 4.976817267082316726e-02
2.269113602760462756e-02 0.000000000000000000e+00 4.976817267082316726e-02
2.269113602760462756e-02 0.000000000000000000e+00 4.976817267082316726e-02
2.269113602760462756e-02 0.000000000000000000e+00 4.976817267082316726e-02
2.269113602760462756e-02 0.000000000000000000e+00 4.976817267082316726e-02
2.269113602760462756e-02 0.000000000000000000e+00 4.976817267082316726e-02
2.269113602760462756e-02 0.000000000000000000e+00 4.976817267082316726e-02
2.269113602760462756e-02 0.000000000000000000e+00 4.976817267082316726e-02
2.269113602760462756e-02 0.000000000000000000e+00 4.976817267082316726e-02
2.269113602760462756e-02 0.000000000000000000e+00 4.976817267082316726e-02
2.269113602760462756e-02 0.000000000000000000e+00 4.976817267082316726e-02
2.269113602760462756e-02 0.000000000000000000e+00 4.976817267082316726e-02
2.269113602760462756e-02 0.000000000000000000e+00 4.976817267082316726e-02
2.269113602760462756e-02 0.000000000000000000e+00 4.976817267082316726e-02
2.269113602760462756e-02 0.000000000000000000e+00 4.976817267082316726e-02
2.269113602760462756e-02 0.000000000000000000e+00 4.976817267082316726e-02
2.269113602760462756e-02 0.000000000000000000e+00 4.976817267082316726e-02
2.269113602760462756e-02 0.000000000000000000e+00 4.975545893743561071e-02
2.269113602760462756e-02 0.000000000000000000e+00 4.981167985450057206e-02
2.269113602760462756e-02 0.000000000000000000e+00 4.989231199791489130e-02
2.269113602760462756e-02 0.000000000000000000e+00 5.086653936696670236e-02
2.269113602760462756e-02 0.000000000000000000e+00 8.274740202238688169e-02
2.269113602760462756e-02 0.000000000000000000e+00 1.773279309686738581e-01
2.269113602760462756e-02 0.000000000000000000e+00 3.368423649165522282e-01
-1.744979954837293506e-04 0.000000000000000000e+00 4.817861347949297657e-01
3.550014539021640908e-08 0.000000000000000000e+00 6.175464929968733641e-01
3.550014539021640908e-08 0.000000000000000000e+00 7.566825951340065970e-01
3.550014539021640908e-08 0.000000000000000000e+00 8.440615138719409494e-01
3.550014539021640908e-08 2.343986781685512485e-02 8.762746110748350636e-01
3.550014539021640908e-08 5.610896477739801824e-02 8.767208986168834040e-01
3.550014539021640908e-08 1.142068670289035359e-01 8.759648313445991263e-01
3.550014539021640908e-08 1.702449806248009234e-01 8.759447328007473610e-01
3.550014539021640908e-08 2.094289796565091677e-01 8.941163131561986610e-01
3.550014539021640908e-08 2.346110541689805096e-01 8.933301604859749112e-01
-1.265333285935155540e-03 2.463943213770815321e-01 8.939916647336153543e-01
-2.957977704088863256e-03 2.627726511160234368e-01 9.060526635797718775e-01
-4.905155043798520818e-03 2.711618082868548218e-01 9.191129095952504935e-01
-2.352215602688090615e-02 2.943232093222284962e-01 9.215997610987881616e-01
-2.339492766699157247e-02 3.498977886338930365e-01 9.246473744593556310e-01
-2.339492766699157247e-02 4.024627739836771911e-01 9.310011358656882230e-01
-2.339492766699157247e-02 4.702520304070264556e-01 9.209408159825076545e-01
-2.339492766699157247e-02 5.130072174954856123e-01 8.903329807385508277e-01
-2.339492766699157247e-02 5.353036460018105736e-01 8.610027138037755767e-01
-2.339492766699157247e-02 5.371848142238062618e-01 8.394281129179074208e-01
-2.339492766699157247e-02 5.469739286006650714e-01 8.286783255956405858e-01
-2.339492766699157247e-02 5.468697102300066337e-01 8.285192225264544907e-01
-4.676217579693466714e-02 5.468697102300066337e-01 8.360645404611374287e-01
-9.315197856210667704e-02 5.468697102300066337e-01 8.709492459681932308e-01
-1.664996405581103123e-01 5.468697102300066337e-01 8.898939960835541285e-01
-2.683714999800756451e-01 5.468697102300066337e-01 8.713962201064601176e-01
-3.703037465797585637e-01 5.468697102300066337e-01 8.352795737298364109e-01
-4.499854376228930586e-01 5.468697102300066337e-01 8.209792101080055637e-01
-5.023996880549786992e-01 5.468697102300066337e-01 8.170133679319033781e-01
-4.863930246391664491e-01 5.468697102300066337e-01 8.188440207040345031e-01
-4.166423500729737883e-01 5.468697102300066337e-01 8.363124016960288287e-01
-2.938581069631975851e-01 5.468697102300066337e-01 8.365697504423037500e-01
-1.461612568572478454e-01 5.468697102300066337e-01 8.337850410155976943e-01
1.070427154123012627e-02 5.468697102300066337e-01 8.192240205020753230e-01
1.126396223880586633e-01 5.468697102300066337e-01 8.116726480371015962e-01
1.508199203909342534e-01 5.468697102300066337e-01 7.766375155403482111e-01
1.630837772107491257e-01 5.468697102300066337e-01 7.739355721668946808e-01
2.253546198638134712e-01 5.468697102300066337e-01 7.898468153530872060e-01
3.209651878259208169e-01 5.468697102300066337e-01 8.999667371165064322e-01
3.834215307454136301e-01 5.468697102300066337e-01 1.198370192189601946e+00
3.427542841445857524e-01 5.477666184991271114e-01 1.378308710223515421e+00
2.613469091010980905e-01 6.028107848936842261e-01 1.422443364822365330e+00
1.861083916346336631e-01 6.727287947483702180e-01 1.400637817935716845e+00
8.307798501120429446e-02 8.480621773994445611e-01 1.159163051397671618e+00
5.803414520406487837e-02 1.048302152741230842e+00 7.182516825760499879e-01
1.358134293155103256e-01 1.196783059665109006e+00 2.485183620882626399e-01
2.480686764150810963e-01 1.210347426817245831e+00 -7.179338743513952181e-03
2.963037169205417487e-01 1.210347426817245831e+00 -6.881511249041451228e-02
3.020901223720204865e-01 1.210347426817245831e+00 -7.598085974969334688e-02
3.020901223720204865e-01 1.210347426817245831e+00 -5.879769706866275203e-02
3.020901223720204865e-01 1.210347426817245831e+00 -3.011328310863716287e-02
3.020901223720204865e-01 1.210347426817245831e+00 1.817443255806650351e-02
2.789717979672788339e-01 1.210347426817245831e+00 2.048285126078076834e-01
2.327963130908309308e-01 1.210347426817245831e+00 5.312508982561129356e-01
2.093326876577514262e-01 1.210347426817245831e+00 7.686742477620910341e-01
2.092966684040080960e-01 1.210347426817245831e+00 9.117494148228035833e-01
2.092966684040080960e-01 1.187379615400111943e+00 9.554658074888887631e-01
2.014705478736376343e-01 1.186996386519249436e+00 9.690345092131124050e-01
1.650226583528676960e-01 1.185107317586019837e+00 9.316166381666867169e-01
1.235376659463218729e-01 1.182971462391776196e+00 8.987043987598087869e-01
8.128892887341176987e-02 1.181064639051279563e+00 8.947167103403894650e-01
5.796726102293799782e-02 1.179182671880956823e+00 8.951164341752534392e-01
5.803441706842616538e-02 1.177290052066273907e+00 8.884720553149659805e-01
5.803441706842616538e-02 1.175738316871121070e+00 8.920041559344676907e-01
5.803441706842616538e-02 1.175738316871121070e+00 9.008296013096920296e-01
8.099051057676386056e-02 1.175738316871121070e+00 9.013801266412818647e-01
1.260574269082049004e-01 1.152443646816198042e+00 8.955024885035850479e-01
1.993499614696438993e-01 1.073762505394606270e+00 8.959803594716859720e-01
2.758903874280026480e-01 9.580980459150842954e-01 9.006153832895087419e-01
3.184358727736271155e-01 8.427362103074315103e-01 9.168230487885947744e-01
3.253624662598050832e-01 7.380533843548875428e-01 9.158239888727868205e-01
3.116509594574413122e-01 6.290102535215931212e-01 9.155497873102387274e-01
3.017594909226871680e-01 5.563873597197499521e-01 9.187632448665015161e-01
1.918196515573539762e-01 5.474320366941768379e-01 9.354158871330370273e-01
1.833607285818725230e-02 5.474320366941768379e-01 1.027130536155350216e+00
-1.551558615088996229e-01 6.058860701624532163e-01 1.210159923111598923e+00
-1.748372877548577120e-01 6.758640899137022817e-01 1.332884253419226672e+00
-1.261882366649351439e-01 7.397701467655888319e-01 1.335248765960188821e+00
-4.708189383405094602e-02 7.681322797427146964e-01 1.315444085290030429e+00
7.445909690683996662e-02 7.772880500263344983e-01 1.223673634720501502e+00
2.030531757374353929e-01 7.798542720527348315e-01 1.054739256698903560e+00
3.350628086003278883e-01 7.798542720527348315e-01 9.150935753319404675e-01
3.834369326937179245e-01 7.798542720527348315e-01 7.302597510955411986e-01
3.534049755201033038e-01 7.798542720527348315e-01 6.104173147884613959e-01
2.294345604608057643e-01 7.798542720527348315e-01 6.980859147127796982e-01
5.631019225842025938e-02 7.798542720527348315e-01 1.001300661578347961e+00
-5.839486898665305348e-02 7.798542720527348315e-01 1.226910873473060937e+00
-3.532188489946996163e-02 7.567745190977811509e-01 1.333310567253099377e+00
-1.394558964627182207e-02 7.563698961561617917e-01 1.332669161549310699e+00
5.476623571295136106e-02 7.007155551698492912e-01 1.318875942861625683e+00
1.441737799605506687e-01 5.895876130632046186e-01 1.299550131844977363e+00
2.300901863351650922e-01 4.468354319601959279e-01 1.310026216947400401e+00
2.592091231150642217e-01 2.976828980024088800e-01 1.338031478016077358e+00
2.442218511855070717e-01 1.838165826978992168e-01 1.365510182202974931e+00
2.208522353389073267e-01 1.518143301778075993e-01 1.378058914035644511e+00
2.061627048192209988e-01 1.518249606291588727e-01 1.383812340675624419e+00
1.976810028005093756e-01 1.518249606291588727e-01 1.382159266652741580e+00
1.963983134544818043e-01 1.518249606291588727e-01 1.378827776964728580e+00
1.944601979711766404e-01 1.518249606291588727e-01 1.377301036646056742e+00
1.927568401379619878e-01 1.518249606291588727e-01 1.377195925006782673e+00
1.910625814384717125e-01 1.518249606291588727e-01 1.377180944725650891e+00
1.891171866481869968e-01 1.518249606291588727e-01 1.377180944725650891e+00
1.874247477754416580e-01 1.518249606291588727e-01 1.371502918834033968e+00
1.860450305936988402e-01 1.518249606291588727e-01 1.348510184667698342e+00
1.860450305936988402e-01 1.518249606291588727e-01 1.310071282626471545e+00
1.860450305936988402e-01 1.518249606291588727e-01 1.263866727682249946e+00
1.860450305936988402e-01 1.518249606291588727e-01 1.276540794533721046e+00
1.860450305936988402e-01 1.761137221399812769e-01 1.348070638252159448e+00
1.847132059255593151e-01 2.248812395123941932e-01 1.480535896365672288e+00
1.822964760083487512e-01 3.086715223272484265e-01 1.520562458535506645e+00
1.921282675416760011e-01 4.116596901061386760e-01 1.518428018145592029e+00
2.777465885147787916e-01 5.279589140314810969e-01 1.484350250448830399e+00
3.924089448621222442e-01 6.529703143748724070e-01 1.339921240480840714e+00
4.699604621213386291e-01 7.787717858416539629e-01 1.166027265883566644e+00
3.624421241701690777e-01 8.944073056373306185e-01 1.056707228714742097e+00
1.165077196168397139e-01 9.542891929240527871e-01 1.112915178473844025e+00
4.448331578746920340e-02 9.312611052942467715e-01 1.180395103188328187e+00
1.384729542197574680e-02 8.624357016627839378e-01 1.234583024454658950e+00
1.151294595448495821e-02 7.275781952952060649e-01 1.355214234981160670e+00
1.098211553139411684e-02 4.799059005865274341e-01 1.500572022379315307e+00
-4.099950576867125024e-02 2.302691694857698368e-01 1.579037361754700441e+00
-1.017326281118192677e-01 1.185725981003749874e-01 1.571116413270640111e+00
-1.597861776346704288e-01 8.175759182333761088e-02 1.469777807470945108e+00
-9.595537727658766392e-02 8.201126901367220001e-02 1.435338016313500553e+00
2.064007061162954210e-02 1.047168811249833964e-01 1.405496297613753720e+00
1.468445199632320841e-01 1.049934947902062821e-01 1.404295253574020075e+00
2.611550949235851293e-01 1.290246509480862391e-01 1.419507853898933192e+00
3.452231898261527432e-01 2.027796434328175135e-01 1.468624825166508829e+00
3.602390907374283247e-01 3.414729229114454867e-01 1.475562193358596952e+00
3.339548448148186299e-01 5.201648623992370934e-01 1.400013764390905413e+00
2.336875621426350580e-01 7.217786293893405647e-01 1.268725956374343822e+00
1.014679501242943538e-01 8.866800549624292982e-01 1.144011370882694001e+00
-5.101579888301831234e-02 9.425746574650850640e-01 1.116053672206610115e+00
-1.630636745057082171e-01 9.427522015377569620e-01 1.120086239051586663e+00
-2.340575348617589813e-01 9.197700090507364701e-01 1.120870706440183051e+00
-2.730013833421693348e-01 8.922793511543208878e-01 1.130227514870716377e+00
-2.945515275320269577e-01 8.057740199941491044e-01 1.207199445052947295e+00
-3.026912352807542006e-01 5.380929965415414129e-01 1.382199588576121130e+00
-2.797915564015080458e-01 1.932793266831687728e-01 1.610344776127507371e+00
-1.827337379310153276e-01 -7.414903213514369151e-02 1.774585207892164673e+00
-3.044218870474845601e-02 -1.625518738943753927e-01 1.812481324413719674e+00
1.280886198716083280e-01 -1.458960538663517659e-01 1.795289828951309508e+00
2.764896652522977338e-01 -1.195199677239002500e-01 1.796026983618665085e+00
3.254485085560237523e-01 -3.970274709518172018e-02 1.777170804415495242e+00
3.023480051375765365e-01 8.094850129116246129e-02 1.732908692591349942e+00
3.023598783974364435e-01 2.535526986501328017e-01 1.561703928128567398e+00
3.010808287048986620e-01 4.976199165771894029e-01 1.341772678393042151e+00
2.557126589198991939e-01 7.710739187107800152e-01 1.003709553202162708e+00
2.311424456678735917e-01 1.032633178151640685e+00 6.789696403784609702e-01
1.864629249547504475e-01 1.105592606743233564e+00 6.236040193438266988e-01
1.851358939765730405e-01 1.105645869965034889e+00 6.259054274505215787e-01
1.832014181467576663e-01 1.082653468693835830e+00 6.261750100930539853e-01
1.812724017971769352e-01 1.047213274943533889e+00 6.162886487245153866e-01
1.790324835833385364e-01 9.679654128419732384e-01 5.953151940368944794e-01
1.268888436075185644e-01 8.591640082636216036e-01 6.073698886814081765e-01
8.245453900001674385e-02 7.729269461972571031e-01 6.568759727513795443e-01
3.165688005800574439e-02 7.451348184654444928e-01 6.728045680965496489e-01
-3.775461875035623222e-02 7.501454672843923532e-01 6.725658198660132703e-01
-1.239117221791172507e-01 7.563070455544359527e-01 6.728163650679408470e-01
-1.889709055899990719e-01 7.563070455544359527e-01 6.725734972600933004e-01
-1.892123433358238183e-01 7.563070455544359527e-01 6.921022910860762378e-01
-4.591866945592250338e-02 7.563070455544359527e-01 6.954085639675174901e-01
2.680333964219963616e-01 7.563070455544359527e-01 6.760530420599578649e-01
3.947123572749499099e-01 7.563070455544359527e-01 5.529816685727789727e-01
3.951436118274700426e-01 7.571891732795065222e-01 6.008064657570697520e-01
3.550173420160736004e-01 7.590817930941895497e-01 6.888467014891302975e-01
2.343195968483381131e-01 7.612069956440726815e-01 6.991487656590735789e-01
-4.921798205488987776e-02 7.638151180716237221e-01 6.996624644662147174e-01
-3.943583940377539676e-01 7.668937322917552812e-01 6.982573140960616209e-01
-4.423070115679766379e-01 7.679415086366288001e-01 7.000292316825890149e-01
-4.170802181422009758e-01 7.679415086366288001e-01 7.000485812123841134e-01
-2.928415117960870839e-01 7.697007040806987943e-01 7.293024487133878964e-01
6.778968155817956254e-02 7.722999493046160957e-01 7.677900990861307173e-01
4.022891837342798538e-01 7.758597079616886827e-01 7.635662839853729622e-01
3.553728296355810334e-01 7.789347713003668128e-01 7.841420746267853126e-01
2.163650530252237136e-01 7.795777471595483066e-01 7.845625836017195986e-01
-3.926497785419810066e-02 7.819849784688709393e-01 9.122295328330745079e-01
-2.053879399367834480e-01 7.845948763371486390e-01 1.071447138752112060e+00
-2.161611367224446634e-01 7.683967316389596069e-01 1.173376466971100429e+00
-1.865948554584394570e-01 7.410774037726725050e-01 1.185684765291606046e+00
-1.507455002961602952e-01 6.513893731797650855e-01 1.222523648472291669e+00
-1.133026426956321719e-01 5.191711926105103680e-01 1.354337763699280162e+00
-1.051644551680271655e-01 3.620335917912932966e-01 1.487930662474981736e+00
-1.051644551680271655e-01 2.148349525462701082e-01 1.607896374012207863e+00
-1.051644551680271655e-01 1.145727187836531880e-01 1.685966982979772766e+00
-1.034104306950737323e-01 5.024696993697918418e-02 1.735823730463901926e+00
-8.184883491252878396e-02 2.355718006287311345e-02 1.742675211710835059e+00
-8.184883491252878396e-02 2.355718006287311345e-02 1.735001687536800175e+00
-8.015485917390435811e-02 4.654596387359152820e-02 1.718680920915169885e+00
-5.413183606471778930e-02 4.734831882750969306e-02 1.699382324075910722e+00
-5.050214099423773820e-03 6.995188748305267157e-02 1.688732842219388131e+00
5.245632074846204307e-02 9.357117468184734943e-02 1.654078833041760399e+00
1.197116244697550153e-01 1.163550171501796238e-01 1.637734097970319214e+00
1.875586825852635364e-01 1.221420661989218032e-01 1.630438950730535685e+00
2.574610019825271379e-01 1.397947629054847873e-01 1.607692392517464652e+00
3.224497225895672781e-01 1.396239877005834573e-01 1.595740874559245626e+00
3.789729420745271415e-01 1.396239877005834573e-01 1.585539303108560949e+00
4.247074074744578986e-01 1.396239877005834573e-01 1.585540301793969542e+00
4.431920091265343919e-01 1.396239877005834573e-01 1.585540301793969542e+00
4.314830663058556448e-01 1.626420329937791065e-01 1.585919302906601436e+00
4.304197104686051656e-01 2.025074461764023170e-01 1.582312425717117499e+00
4.304197104686051656e-01 2.745047634381858614e-01 1.532370665137565702e+00
4.304197104686051656e-01 3.643420642101921070e-01 1.443107539122454597e+00
4.304197104686051656e-01 4.727636576310801919e-01 1.310748266497948178e+00
4.304197104686051656e-01 5.894734966104947516e-01 1.194319274500239336e+00
4.126922011284200331e-01 7.002244682648387508e-01 1.060616707583086349e+00
3.918008120272026273e-01 7.851188976676398701e-01 9.333350636660063815e-01
3.413582329081570887e-01 8.146435892326217010e-01 9.013044138037287212e-01
2.898620406828489870e-01 8.144846872875801669e-01 8.990531272209870695e-01
2.255030245155581203e-01 8.144846872875801669e-01 8.931856631908922095e-01
1.445080066773556104e-01 8.144846872875801669e-01 8.919106540130706806e-01
5.913878003821158164e-02 8.144846872875801669e-01 8.918353781003838243e-01
-2.625743052585244319e-02 8.144846872875801669e-01 8.903686213240766811e-01
-1.217781084787911833e-01 8.144846872875801669e-01 8.898775801921473549e-01
-2.004623347286455526e-01 8.144846872875801669e-01 8.829753532428804563e-01
-2.579156632243155833e-01 8.144846872875801669e-01 8.825923573886135243e-01
-2.897646508236730867e-01 8.144846872875801669e-01 8.822636650534488867e-01
-2.910189331180731420e-01 8.144846872875801669e-01 8.806731961221291316e-01
-2.679847202177598198e-01 8.144846872875801669e-01 8.806736954648335391e-01
-2.061866441407073092e-01 8.144846872875801669e-01 8.807627657197291127e-01
-1.296825481382190282e-01 8.144846872875801669e-01 8.615101708271116765e-01
-7.451767951550637703e-02 8.144846872875801669e-01 8.618825556489104756e-01
7.768689877581798527e-03 8.144846872875801669e-01 8.618825556489104756e-01
5.839598557242258597e-02 8.144846872875801669e-01 8.585610528149852927e-01
2.994092214388362899e-02 8.144846872875801669e-01 8.491733475546179299e-01
-2.706239315833797524e-02 8.144846872875801669e-01 8.350925074692043815e-01
-1.176208807276638707e-01 8.144846872875801669e-01 8.347814169643695825e-01
-2.676524242927451613e-01 8.144846872875801669e-01 8.343864368851972024e-01
-4.361318511763734862e-01 8.144846872875801669e-01 8.135225255033518010e-01
-6.083505781605639262e-01 8.144846872875801669e-01 7.723389238696082293e-01
-7.672469749496875213e-01 8.144846872875801669e-01 7.652418908477911508e-01
-8.750709994079800547e-01 8.144846872875801669e-01 7.655150313070925305e-01
-8.596836097176474567e-01 8.144846872875801669e-01 7.657564635046649748e-01
-8.331282539960677136e-01 8.144846872875801669e-01 7.722468575584863215e-01
-7.916188936655477182e-01 8.144846872875801669e-01 7.884027162519918752e-01
-7.572318025822992738e-01 7.917325919187425676e-01 8.181702825601365747e-01
-7.429151811942512618e-01 7.903895597810156604e-01 8.441477753241243276e-01
-7.351481606470714469e-01 7.509793030216961318e-01 8.784972478699123455e-01
-7.334258055980809043e-01 6.921560666542984075e-01 9.338274155725346803e-01
-7.334258055980809043e-01 6.031491838961969831e-01 1.035484165092764419e+00
-7.334258055980809043e-01 4.473884373605508946e-01 1.195529930887032632e+00
-7.794091877878976948e-01 2.443973722266946924e-01 1.409425500518921348e+00
-8.751824083135816279e-01 1.574929663771745120e-02 1.592644075942295734e+00
-9.458153881489175241e-01 -1.192472100940056706e-01 1.674396338669327022e+00
-9.658876332848447266e-01 -1.216159365325675673e-01 1.703933208648043651e+00
-9.485123713848407911e-01 -9.306855850861760204e-02 1.676335536061825060e+00
-9.658432472666768076e-01 -2.281162672864236324e-02 1.609033627021455581e+00
-9.593025236294421276e-01 1.106189454433033764e-01 1.491958485564266468e+00
-9.428154259529796244e-01 3.368134562682428834e-01 1.298978384448451040e+00
-9.428346894848644855e-01 5.769095903078642618e-01 1.057312619325976755e+00
-9.139465821924479538e-01 8.002060603310841014e-01 8.034010361388835841e-01
-8.564726363913389706e-01 9.311164068750191758e-01 7.148070293476546100e-01
-8.350799959869503741e-01 9.182908006092701525e-01 7.204082188806336662e-01
-8.273129754397706703e-01 8.726230917806641063e-01 7.677117022815415082e-01
-8.264988470945334731e-01 7.674137588806113630e-01 8.866538236926064798e-01
-8.495896965540291612e-01 5.698158168842565319e-01 1.085995488444510437e+00
-8.821081362724053632e-01 3.494847767348399081e-01 1.323276899786765881e+00
-9.617982606589917660e-01 1.029093160176148269e-01 1.536295873301098291e+00
-1.017298626548279294e+00 -5.598548426191773952e-02 1.651182645356299217e+00
-1.029637673282870924e+00 -6.559442885571731274e-02 1.678553241847696498e+00
-1.012645462719656608e+00 -4.451413563530305650e-02 1.669534113921006702e+00
-9.854796217041942308e-01 9.589407810490307993e-03 1.620910992588072697e+00
-9.323520435741309287e-01 1.240223023145359121e-01 1.530320988171721686e+00
-8.722017984215649777e-01 2.853708601598726191e-01 1.411310269556641073e+00
-8.043939886426213492e-01 4.502882646995018390e-01 1.282239293476218123e+00
-7.278636605033959039e-01 6.304429010300012237e-01 1.114623679536913770e+00
-6.339740050446887043e-01 7.849456146527120648e-01 9.426101671465337839e-01
-5.071734486949638354e-01 8.768712775795221015e-01 8.690343291146961358e-01
-3.415477098844009185e-01 8.947631039589650781e-01 8.678866523264940902e-01
-1.253639661145465600e-01 8.960111500178126187e-01 8.588988581545050627e-01
7.830739242326584248e-02 8.960111500178126187e-01 7.684173983585204093e-01
2.196614916295147324e-01 8.730289575307921268e-01 6.530279130356752004e-01
2.786781400710794387e-01 8.523905243471140425e-01 6.067318535408739999e-01
2.675003425368079335e-01 8.315159575467823139e-01 6.321370371477929018e-01
2.662802374763972302e-01 8.033169875724419651e-01 7.500992609193307681e-01
2.133712382928020790e-01 7.472551385533292567e-01 9.312651633206342483e-01
1.593825381207661096e-01 6.665977984448442362e-01 1.103205834094011406e+00
6.404405645002853031e-02 6.243186957872550735e-01 1.200133246443126689e+00
-2.108409446675140950e-02 6.151272391450280930e-01 1.278670740839295883e+00
-1.163764521292971060e-01 6.107705739177675675e-01 1.284542886207244550e+00
-2.272806776078706570e-01 6.064175483439967485e-01 1.268945042985894611e+00
-3.322934470264664042e-01 6.054124713486007670e-01 1.269661974273722516e+00
-4.358404569671007200e-01 6.054124713486007670e-01 1.265441155229191095e+00
-5.259445177082966438e-01 6.054124713486007670e-01 1.262640092328916275e+00
-5.847859967291613170e-01 6.252142280898123072e-01 1.264225130908325667e+00
-6.051293960500767621e-01 6.283932434830399316e-01 1.232724720580272049e+00
-6.051897166487670843e-01 6.283932434830399316e-01 1.237174363419090151e+00
-6.055898122165332964e-01 6.283932434830399316e-01 1.270199017352293902e+00
-6.499436949073670311e-01 6.030820722367269404e-01 1.327473875217162647e+00
-7.359291770227552876e-01 5.573504031559407546e-01 1.358690034710742234e+00
-8.862473100106428303e-01 4.911804374473959789e-01 1.362991747273384791e+00
-1.039538862355603666e+00 4.300989292476474213e-01 1.367453124665755970e+00
-1.140516876143702341e+00 4.077022771122991163e-01 1.362983757790114714e+00
-1.117377024520149087e+00 4.076081343677647739e-01 1.339716260300688688e+00
-1.086659503102920921e+00 4.076081343677647739e-01 1.312352779442828909e+00
-1.026409123093367848e+00 4.076081343677647739e-01 1.283167946070707055e+00
-9.351947904937177869e-01 4.076081343677647739e-01 1.284148904813480874e+00
-8.020370023058650544e-01 4.076081343677647739e-01 1.299852359016809400e+00
-6.263039679472058863e-01 4.308907314257461874e-01 1.308533182261274908e+00
-4.646504448675415899e-01 4.538470912501928467e-01 1.346601197508816128e+00
-2.656477741682062299e-01 4.577566561164473358e-01 1.360930710261015752e+00
-6.186010761803690389e-02 4.625864762973787014e-01 1.358379818055640120e+00
9.941338792232547183e-02 4.654969118946717943e-01 1.347522984141119595e+00
1.973989296550518469e-01 5.084260477883313367e-01 1.314015590648447196e+00
2.323753560945257535e-01 6.125127251308609688e-01 1.240038718007146379e+00
2.093052792915326699e-01 7.727989369208606574e-01 1.084521678452503801e+00
1.810725759433846616e-01 9.701456540543845763e-01 8.614490637636621484e-01
5.394881725411743156e-02 1.082270772445191431e+00 7.675175203873719765e-01
-8.467735056504058222e-02 1.078762501569193732e+00 8.224723072119694001e-01
-2.407573379881076392e-01 1.073896284853364635e+00 8.870147236322042383e-01
-4.023348722046684589e-01 1.070809326061817446e+00 9.061110866761854510e-01
-5.245433842727877938e-01 1.068407421074675012e+00 9.030622873766951386e-01
-5.865285918024365497e-01 1.047566498876114416e+00 8.975860583554896577e-01
-6.180007199145387542e-01 9.930887868454173484e-01 9.425998057854177992e-01
-6.284507421019188689e-01 8.511898825556699633e-01 1.092521023741153341e+00
-6.294331822280491151e-01 6.453220264262921058e-01 1.293394234985259184e+00
-6.824967113338961111e-01 4.702765314890551829e-01 1.449012641108892829e+00
-7.546258994556566124e-01 3.916138102650031927e-01 1.454126409744549209e+00
-8.393984004665502319e-01 3.844087610938483612e-01 1.443725226047784638e+00
-9.176035462293085088e-01 3.844087610938483612e-01 1.435195578807073380e+00
-9.676737266559244377e-01 4.073747970702556453e-01 1.433289837375769205e+00
-9.587851602016761454e-01 4.097022667049304290e-01 1.421404232654529975e+00
-8.954203020693117798e-01 4.318202190322020240e-01 1.412354270315844040e+00
-7.675784497333660861e-01 4.362060014873808123e-01 1.406698964517276940e+00
-6.215015783255023463e-01 4.405845046355801320e-01 1.406701960573503163e+00
-4.646556824176854006e-01 4.431816637166435258e-01 1.407337623836191431e+00
-3.075017475437825110e-01 4.588910295827666186e-01 1.406445922601827325e+00
-1.652179498974915006e-01 4.818406871184699458e-01 1.405808137132645186e+00
-6.718053755428357587e-02 5.370178340234582626e-01 1.366250083255204695e+00
-1.470997652283647684e-02 6.313816209282360203e-01 1.296203786711508821e+00
1.030285826354952750e-02 7.713080993426342236e-01 1.176024855839508110e+00
-1.181368896883442689e-02 9.333717492301708551e-01 1.047633734851111997e+00
-1.303743645686105714e-02 1.035834031465806770e+00 8.921778647777572901e-01
-4.758241484851686437e-03 1.035305749077571447e+00 8.232514690843316663e-01
-4.003458026128037229e-04 1.021460595974503782e+00 8.510190430257189576e-01
-4.003458026128037229e-04 9.681608888659849477e-01 9.480423291740769365e-01
-4.003458026128037229e-04 8.241601290719107187e-01 1.123378655172981189e+00
-4.003458026128037229e-04 5.932062719663860895e-01 1.375999125380036325e+00
-4.003458026128037229e-04 3.182407927561211047e-01 1.681785612008888320e+00
1.203192427042764495e-03 1.086794096074168298e-01 1.947933400913540503e+00
2.273254818255535797e-02 3.519318001094501325e-02 2.102227799856484669e+00
4.668510641170129510e-02 3.534030856466734843e-02 2.162140934899996925e+00
9.198246385296597605e-02 7.600774935432473567e-02 2.173372900021190102e+00
1.458571640855897411e-01 1.388771374623843646e-01 2.164333548714973077e+00
1.969182068852834422e-01 2.433125779426691115e-01 2.113788831819870762e+00
2.408741245372229833e-01 4.087767738401096862e-01 1.997119406309997958e+00
2.641846847866501924e-01 6.474655604016786858e-01 1.797973296644700625e+00
2.788701095996559687e-01 9.406211400334756334e-01 1.510784579369496727e+00
2.788524883504432950e-01 1.212804636783025636e+00 1.126085342302126424e+00
2.788524883504432950e-01 1.326639327049590644e+00 1.085357328468300464e+00
2.558697854242139025e-01 1.303717055687096948e+00 1.187885368589852275e+00
2.558697854242139025e-01 1.228128110607196177e+00 1.310787964242947190e+00
2.788524883504432950e-01 1.064959515183385719e+00 1.482675080511278276e+00
2.788524883504432950e-01 7.990007136217142092e-01 1.708138548068738993e+00
2.788524883504432950e-01 4.927124652504822344e-01 1.802086132829407772e+00
2.788524883504432950e-01 2.266008204352492894e-01 1.778916756181394332e+00
2.788524883504432950e-01 7.870392254541641597e-02 1.696114126075679129e+00
2.788524883504432950e-01 7.265982851721114466e-03 1.538939143906786100e+00
2.558697854242139025e-01 4.687052553494038725e-04 1.301479966561768009e+00
2.558697854242139025e-01 2.336844516537055910e-02 1.177135144342719153e+00
2.553077474691617388e-01 5.352891650633833515e-02 1.171359746623745979e+00
2.319288771377739644e-01 1.094712561715337207e-01 1.168477540534007764e+00
1.390616092215481991e-01 2.876040095059403945e-01 1.155128612017553680e+00
7.365804024395322669e-02 3.902733969023481353e-01 1.154362620309019594e+00
-1.964077905628922385e-02 4.954607587234077237e-01 1.154359374581441111e+00
-1.088287872839035220e-01 6.218024080312936075e-01 1.154359374581441111e+00
-1.928903241522868517e-01 7.467059947365549677e-01 1.154869952496679675e+00
-2.530082340906174565e-01 8.502654105692671882e-01 1.155658289791235083e+00
-2.828269164469349173e-01 9.155049565649745480e-01 1.208233334122386760e+00
-2.910405047229028264e-01 9.443892466598287072e-01 1.331269004606201678e+00
-2.910405047229028264e-01 9.541233667601772828e-01 1.478050168383219676e+00
-2.910405047229028264e-01 9.312484996650870483e-01 1.528741816869088721e+00
-2.910405047229028264e-01 9.104571122628020152e-01 1.582649357206904250e+00
-2.910405047229028264e-01 8.480722086395505732e-01 1.626175937227483326e+00
-2.910405047229028264e-01 7.330880092744710419e-01 1.719522563043418772e+00
-2.910405047229028264e-01 5.670215394965090194e-01 1.802067532313669007e+00
-2.910405047229028264e-01 4.093200143164676952e-01 1.864078530893999774e+00
-2.910405047229028264e-01 2.872840085079583217e-01 1.864337190414873779e+00
-2.651147646690359405e-01 1.981236167060229092e-01 1.861450365405119767e+00
-2.430820334966468932e-01 1.107869909080873710e-01 1.798711699668817054e+00
-1.932202676183385759e-01 4.448950971759823431e-02 1.711234972178660385e+00
-1.038492641601960753e-01 3.537544564629958171e-02 1.596249704775018818e+00
1.833421558073953378e-02 5.937016088326362712e-02 1.567768819780410716e+00
1.093985775344413075e-01 1.109442394739520166e-01 1.563899787671122033e+00
1.523075288863388610e-01 1.939711493553440969e-01 1.553879477622130523e+00
1.396258109949860271e-01 3.373168381002860650e-01 1.504722434102527595e+00
1.220807614789849449e-01 5.413364604331489804e-01 1.409543844739862051e+00
4.099522390498110819e-02 7.405081974756861918e-01 1.283543202113056170e+00
-8.651195230572573946e-02 9.035091025228579875e-01 1.258546730509680467e+00
-2.161467334595491285e-01 9.542033503649159920e-01 1.294029398905243156e+00
-3.356690702871690801e-01 9.542928325775426046e-01 1.328179321622789288e+00
-4.337790815113430343e-01 9.542928325775426046e-01 1.327575241786153715e+00
-5.094395768525304957e-01 9.313200499263738497e-01 1.328350471334718952e+00
-5.650057672067612113e-01 9.074962985348883349e-01 1.338753277895272875e+00
-5.868849671423073122e-01 8.285761827914801536e-01 1.429531784182531240e+00
-6.068407877525798799e-01 6.593160058482769870e-01 1.547064448392617919e+00
-6.407381678973810279e-01 4.293167144494730025e-01 1.707152970405949377e+00
-6.757629529036488503e-01 1.749633697071215355e-01 1.843078049282503628e+00
-7.359673933843980942e-01 -4.340721284062611096e-02 1.939367301655408715e+00
-8.087041373228419650e-01 -1.767010379323800950e-01 1.969911470704555745e+00
-8.828616333168251007e-01 -2.207451284094102961e-01 1.967334737514227827e+00
-9.354050914477978207e-01 -2.205949039309207382e-01 1.957338770422075713e+00
-9.542271599960054917e-01 -2.205949039309207382e-01 1.957653855668545662e+00
-9.295010408551647174e-01 -2.205949039309207382e-01 1.957401063424448528e+00
-8.508166148682286822e-01 -2.205949039309207382e-01 1.957784558621419757e+00
-6.979876979906326495e-01 -1.977625253517217851e-01 1.963666191500751834e+00
-4.987210192552340438e-01 -1.734578181638724848e-01 1.964433681237398810e+00
-2.495006733909104490e-01 -1.046403152436436168e-01 1.963654581782874553e+00
-1.219303546017019846e-02 -1.527658554422838466e-03 1.955115197359427626e+00
1.402397362052765495e-01 1.410627826725078526e-01 1.844611655563361152e+00
1.981825426127985790e-01 3.314575064209572819e-01 1.690278807232179048e+00
2.090372987068434552e-01 5.720738224004984218e-01 1.479871021554777011e+00
2.090372987068434552e-01 8.342427681869144518e-01 1.173923996246464041e+00
1.860547955176957979e-01 1.077321997735569914e+00 9.079007309287187022e-01
1.615008053553105560e-01 1.175205595881068987e+00 8.401518477500825588e-01
1.393673955972120071e-01 1.175406664543369839e+00 8.882662012850812694e-01
1.395126932276848919e-01 1.175406664543369839e+00 9.708754609285216164e-01
1.376785963779564026e-01 1.135768174878630576e+00 1.086943490568794690e+00
1.354911646306016515e-01 1.079778408753022667e+00 1.239537377931938966e+00
1.328232986225966195e-01 9.395663506977315338e-01 1.412800807529244862e+00
1.298933775633277776e-01 7.455536449328776794e-01 1.615901961084662330e+00
1.278767210208743565e-01 5.837918643549014908e-01 1.705905986837412014e+00
1.278767210208743565e-01 4.542545548969750269e-01 1.747386510126753612e+00
1.278767210208743565e-01 3.495375517104416518e-01 1.744579330278349660e+00
1.278767210208743565e-01 2.882790320702391385e-01 1.733506156137152532e+00
1.278767210208743565e-01 2.578220343866478581e-01 1.705020901893880891e+00
1.278767210208743565e-01 2.564900099814265699e-01 1.647103389968462395e+00
1.263956705596540331e-01 2.564900099814265699e-01 1.578901041196401955e+00
6.721425012214522765e-02 2.564900099814265699e-01 1.525421312720572020e+00
-2.553748098878928438e-02 2.564900099814265699e-01 1.488373204946747075e+00
-1.736585504633795518e-01 2.564900099814265699e-01 1.456435869752352508e+00
-3.674523665796379790e-01 2.564900099814265699e-01 1.437637364631539683e+00
-5.531560763224718791e-01 2.564900099814265699e-01 1.434708844505969472e+00
-7.166373268582576506e-01 2.564900099814265699e-01 1.414626404456494235e+00
-8.417650629552673180e-01 2.564900099814265699e-01 1.404858262473219765e+00
-9.336455409155824947e-01 2.564900099814265699e-01 1.388043021738567306e+00
-9.702951648889259761e-01 2.564900099814265699e-01 1.387524329504382203e+00
-9.774877415889755561e-01 2.564900099814265699e-01 1.387209743600616774e+00
-9.544568132540066641e-01 2.564900099814265699e-01 1.387114743651106652e+00
-9.545198413998051690e-01 2.564900099814265699e-01 1.386844474412355588e+00
-9.545198413998051690e-01 2.564900099814265699e-01 1.349948666163369504e+00
-9.545198413998051690e-01 2.942122220837994351e-01 1.325420702852387445e+00
-9.298825830673367321e-01 3.534115189901254062e-01 1.284676834887697128e+00
-8.935026485403819718e-01 4.468458626744654105e-01 1.216440905318766585e+00
-8.542993193977616029e-01 5.768664914842231983e-01 1.132330496670254094e+00
-8.179815252962420180e-01 6.590822690766043879e-01 1.096857190950398797e+00
-8.149017570396380750e-01 6.394315135692002494e-01 1.097124838639951694e+00
-8.149017570396380750e-01 5.544944735889579812e-01 1.135304332146247930e+00
-8.149017570396380750e-01 3.521475383507556289e-01 1.336381899392125483e+00
-8.127608418393234002e-01 8.842624706143691060e-02 1.495840875090897582e+00
-8.096769012970116419e-01 5.416661597761007751e-02 1.500834177299119832e+00
-8.075499233064016291e-01 1.732152485745844517e-01 1.419633438589087193e+00
-8.054211698750649573e-01 3.941985856469977789e-01 1.231409202225556943e+00
-8.032586830699206537e-01 5.940121888982623499e-01 1.094350865081390012e+00
-8.032586830699206537e-01 5.924451405268413851e-01 1.098471565913691217e+00
-8.032586830699206537e-01 4.878420318629271835e-01 1.119781015823528181e+00
-8.032586830699206537e-01 2.962367571444777248e-01 1.260471946306455537e+00
-8.032586830699206537e-01 3.342163970557203434e-02 1.520360474411581064e+00
-8.009331220340271118e-01 -1.275450596772132184e-01 1.657748252904969410e+00
-7.166309352716414560e-01 -1.507647451026937757e-01 1.738197106337866948e+00
-5.456914577170706160e-01 -1.274371461705423036e-01 1.818010421343752236e+00
-3.250743274875522726e-01 -9.161709687675853586e-02 1.842988417267065637e+00
-1.073270418417123923e-01 6.630494358979363177e-04 1.889008465082015364e+00
5.924805217315736589e-03 1.559057445604963565e-01 1.863395305238718214e+00
4.596208591700613744e-02 3.247053056001613092e-01 1.755619298129705186e+00
4.862577963930338892e-02 5.306880771305760858e-01 1.601135897973149591e+00
3.615224326966292451e-02 7.346457809680947415e-01 1.434394383437879839e+00
3.473435411229565395e-02 9.157374505281384858e-01 1.293500345309942068e+00
1.145492788048712782e-02 1.057224985201504763e+00 1.207698787757337300e+00
-1.185075337459929809e-02 1.070716736827918902e+00 1.247584410448857595e+00
-1.182525707481945840e-02 1.070716736827918902e+00 1.337146393072546458e+00
-1.182525707481945840e-02 1.047748925410784793e+00 1.417175548962404497e+00
-1.182525707481945840e-02 1.016897003130543986e+00 1.500105012115034775e+00
-1.182525707481945840e-02 9.038576215375130340e-01 1.632780243835743716e+00
-1.182525707481945840e-02 6.964743379758436825e-01 1.793967694305761418e+00
-1.182525707481945840e-02 3.984125054398302002e-01 1.861570332489849378e+00
-1.182525707481945840e-02 2.067417835375919832e-01 1.855299461972445441e+00
-1.182525707481945840e-02 1.242265778666495485e-01 1.847721686761977233e+00
-1.182525707481945840e-02 9.346258428839937515e-02 1.846705025015839441e+00
-1.182525707481945840e-02 9.336547877715235810e-02 1.831297306529185986e+00
-1.182525707481945840e-02 9.336547877715235810e-02 1.774947106517171136e+00
-1.182525707481945840e-02 9.336547877715235810e-02 1.650746844011042880e+00
-1.182525707481945840e-02 9.336547877715235810e-02 1.461030696482471747e+00
-1.182525707481945840e-02 9.336547877715235810e-02 1.261941137378446376e+00
-1.182525707481945840e-02 9.336547877715235810e-02 1.204386148256414879e+00
-1.182525707481945840e-02 9.336547877715235810e-02 1.204468664638315367e+00
-1.182525707481945840e-02 9.336547877715235810e-02 1.204468664638315367e+00
-1.182525707481945840e-02 9.336547877715235810e-02 1.204468664638315367e+00
-1.182525707481945840e-02 1.096948729310640441e-01 1.205108072971286637e+00
-1.182525707481945840e-02 1.376309889058135727e-01 1.204299637132879353e+00
-1.182525707481945840e-02 1.859181496931079924e-01 1.184024450799509909e+00
1.122400615331050483e-02 2.664955061968543037e-01 1.079922856980749524e+00
1.115669961147948940e-02 3.747898227106456481e-01 9.381574034158134401e-01
2.153264430866334497e-02 9.965050898917710009e-01 6.599434974022845291e-01
3.441162614832235511e-02 9.733262673442663049e-01 6.828758111013887300e-01
3.441162614832235511e-02 9.084952502597769541e-01 6.066988345045462028e-01
5.306568529538580742e-02 8.023845261027688913e-01 6.564547147623885914e-01
5.858027631985606581e-02 6.829129003009059007e-01 7.514836261494135528e-01
8.113659605905924888e-02 5.493942537853472308e-01 8.831355174153134868e-01
8.095306542218687340e-02 4.390571373644014952e-01 9.442675480002417077e-01
8.095306542218687340e-02 3.634197671386795725e-01 9.492336984489130325e-01
8.159336147552144480e-02 3.494156233185342075e-01 9.493154658167569648e-01
7.697260498841357323e-02 3.494156233185342075e-01 9.493775091477774097e-01
7.113689776725473646e-02 3.494156233185342075e-01 9.490637346759064341e-01
6.960785492389028051e-02 3.494156233185342075e-01 9.486798649719067056e-01
6.960785492389028051e-02 3.494156233185342075e-01 9.402429082206976707e-01
6.960785492389028051e-02 3.494156233185342075e-01 9.290868431905715541e-01
6.960785492389028051e-02 3.485460124505870283e-01 8.988719906549696992e-01
9.258946484442229230e-02 3.261141843958405007e-01 8.159968934392797246e-01
9.324795916520574324e-02 3.202415369110613308e-01 7.902980339043415015e-01
9.518971430200068307e-02 2.797454206032801149e-01 7.922273068605898416e-01
9.712600995856096597e-02 2.492764830808016363e-01 8.085282246097206249e-01
9.906594526861101091e-02 2.291060782656959005e-01 8.448706987244046784e-01
1.010058805786610697e-01 2.445890976321713206e-01 9.106365047703947058e-01
1.032060511132300296e-01 2.647146725689273894e-01 9.921016454424017583e-01
1.042254425994851158e-01 2.910888223713363199e-01 1.086390343688006910e+00
8.124220704103769786e-02 3.527057369152362676e-01 1.181941193036795346e+00
8.124220704103769786e-02 4.437008913571726665e-01 1.190156628880769452e+00
8.124220704103769786e-02 5.238008762355221837e-01 1.189110256243720576e+00
8.124220704103769786e-02 5.935031256558935819e-01 1.184786447766408735e+00
8.030163957479669046e-02 6.456094702799479723e-01 1.185037117804012441e+00
8.744704503403832874e-02 6.516512063009380906e-01 1.178666129074378288e+00
9.258838848348172057e-02 6.516512063009380906e-01 1.147287433530519651e+00
9.258838848348172057e-02 6.286686587257722669e-01 1.147217026209200741e+00
9.258838848348172057e-02 5.851521182676776567e-01 1.145090824973908683e+00
9.258838848348172057e-02 4.646428361330834367e-01 1.152081248328338470e+00
9.258838848348172057e-02 2.883047759607765825e-01 1.163686596956739150e+00
9.258838848348172057e-02 1.293360077690301480e-01 1.162855191353930007e+00
9.258838848348172057e-02 -5.577599751385858839e-03 1.162857563231775915e+00
6.805988144377718430e-02 -8.105452839206123139e-02 1.185465179337350738e+00
7.204737775496165668e-03 -7.246223860908408698e-02 1.247987879354004681e+00
-1.148040663391916016e-01 -6.972260040970140738e-02 1.300496136598443986e+00
-2.938869578750067380e-01 -6.793627678615234144e-02 1.312357772869872763e+00
-4.930785354676650578e-01 -2.322658606424260821e-02 1.316152153244855239e+00
-6.502220396272984093e-01 1.582913598789711636e-03 1.327168651989104164e+00
-7.565525189602563261e-01 3.680668944688314514e-02 1.336890230265194157e+00
-7.912620300794770412e-01 8.616901830051298949e-02 1.410262523727155104e+00
-7.649123591660876853e-01 1.555254229638239616e-01 1.465367487870097740e+00
-7.411407169599314448e-01 2.171070506232803121e-01 1.528767283347012507e+00
-7.282030803843264621e-01 2.916839279099236459e-01 1.565146896075335414e+00
-7.218713261206267662e-01 3.766447587959040333e-01 1.569436125070368560e+00
-7.214512124586667241e-01 4.591985803026525925e-01 1.567897775033819441e+00
-6.985034635217446386e-01 5.389926567437883786e-01 1.560358199540236690e+00
-6.786889679933189035e-01 5.845208603172925566e-01 1.560483409723362636e+00
-6.747048790025604870e-01 5.935314883215029313e-01 1.560717102109016929e+00
-6.339976627923722408e-01 5.935314883215029313e-01 1.553768623541756044e+00
-5.653761241423550521e-01 5.643867410720391220e-01 1.561063521110187535e+00
-4.991335872941055629e-01 4.682484011609053809e-01 1.568958878280647617e+00
-4.174039253727001575e-01 3.323256969363231339e-01 1.577745312507091713e+00
-2.875769971462275310e-01 2.253376165511974394e-01 1.564939544017337703e+00
-1.157458599691845030e-01 1.865728212680767273e-01 1.458316768884112991e+00
8.510710847651063726e-02 1.865777037300752061e-01 1.348980565495233819e+00
2.545908245037123985e-01 2.094773604163122915e-01 1.324504533825508146e+00
3.195142754710365574e-01 2.497094464950212478e-01 1.324923357518815292e+00
3.253269574452706814e-01 3.077767667800090368e-01 1.328210280870461446e+00
3.022580568717590510e-01 4.310158999969799232e-01 1.319942913385230954e+00
3.023442545190413444e-01 6.164150550761541281e-01 1.201748744927503720e+00
2.874755376440108479e-01 8.107933684726578161e-01 1.066522995508447647e+00
2.579314271960805316e-01 9.389903089539474168e-01 1.034624858716347573e+00
2.335190062386421350e-01 9.827041452627985896e-01 1.081703887571632050e+00
2.015057237930358014e-01 9.891394964929024480e-01 1.209320777696871518e+00
1.576333628202975234e-01 9.661573040058819561e-01 1.295609943400312991e+00
1.398411053761098588e-01 9.214488658019224232e-01 1.344271139614456878e+00
1.475890177424682703e-01 8.178541186987484668e-01 1.427144551548519713e+00
1.507931889114925983e-01 6.255262174115151508e-01 1.516823005858007001e+00
1.507931889114925983e-01 3.685266448450154608e-01 1.553511462048995151e+00
1.507931889114925983e-01 6.841781792313070265e-02 1.585302240159651710e+00
1.507931889114925983e-01 -2.045406365106233193e-01 1.717231329044325960e+00
1.507931889114925983e-01 -4.189013355492730573e-01 1.815209233607801620e+00
1.279425010997992940e-01 -5.102419019845927384e-01 1.833285439506714409e+00
8.992285274143048401e-02 -5.115596784779821160e-01 1.827707282155975221e+00
9.409360782512603619e-03 -4.885789063435430069e-01 1.829323155147380753e+00
-1.151082770112104442e-01 -4.576321755284952775e-01 1.831995013122894811e+00
-2.518262788128221574e-01 -4.127987019113564804e-01 1.831743344399882290e+00
-4.041797326638026377e-01 -3.442996686714828725e-01 1.831743344399882290e+00
-5.350134689403798216e-01 -2.427836519571702767e-01 1.830969238372401664e+00
-6.244573764333631871e-01 -7.717739306033073732e-02 1.821251155495242635e+00
-6.401252413724991541e-01 1.270643091661834700e-01 1.804245290683189396e+00
-6.143734501238325985e-01 3.195288084243288473e-01 1.734904815052148441e+00
-5.922154172221553159e-01 4.683253221303905200e-01 1.678551618983907368e+00
-5.356726456961925509e-01 5.812846313466464299e-01 1.652699648492235385e+00
-4.548295501016745290e-01 6.543379807526826797e-01 1.620593660299433081e+00
-3.346613079376740130e-01 6.944450536112215522e-01 1.618646598259340985e+00
-1.865174906287726808e-01 6.993677737281784879e-01 1.618900014681818655e+00
-1.237355617018553837e-02 7.015497459952986237e-01 1.603826855807106710e+00
1.720147877948707271e-01 7.039737552194885728e-01 1.519475139796697682e+00
3.146159010850446691e-01 7.064032239239134148e-01 1.412966089964397876e+00
3.459750002018821546e-01 7.088363322818280743e-01 1.247750691569419423e+00
3.248799902423191166e-01 6.867879328450257059e-01 1.379090556062913864e+00
2.768500131407944931e-01 6.635656119997163094e-01 1.514316679988998438e+00
2.553801854508118696e-01 5.968338080732011885e-01 1.563053651458533366e+00
2.488178902087476441e-01 4.853161123410233979e-01 1.617257177184376227e+00
2.441640162038341832e-01 3.535125859534939408e-01 1.650596417021345630e+00
2.441640162038341832e-01 2.397308482066033419e-01 1.649837416110672805e+00
2.441640162038341832e-01 1.417284064974595192e-01 1.647666523703337882e+00
2.441640162038341832e-01 5.142298303659227632e-02 1.646896662088844998e+00
2.234654621585475676e-01 -5.821329202811161702e-02 1.646650111628552571e+00
1.883894113012956062e-01 -1.771924244430133355e-01 1.648302186966026150e+00
1.023127270150765711e-01 -2.332923455692096359e-01 1.649120110315816845e+00
-1.610092752836498123e-02 -2.440272594142009477e-01 1.649196509749588424e+00
-1.739833895373419925e-01 -2.440272594142009477e-01 1.649965747185700993e+00
-3.709383334815062883e-01 -2.440272594142009477e-01 1.659717286024054550e+00
-5.727906309332445600e-01 -2.187541713714761249e-01 1.703214529660750598e+00
-7.037568150880348927e-01 -1.743096524315434215e-01 1.737996370570702220e+00
-7.797589496110615137e-01 -1.256205817979901829e-01 1.794730814793745077e+00
-7.619432008667583744e-01 -3.823493511064576800e-02 1.836839885712237219e+00
-7.527365642063180706e-01 9.293520071703188778e-02 1.836803184023464652e+00
-7.309721908997727224e-01 2.610364698223734958e-01 1.821873086833560196e+00
-6.727948154827373406e-01 4.465613039119904482e-01 1.737785148606745267e+00
-5.394071521067924646e-01 6.703422473235138845e-01 1.568958878280647617e+00
-3.445740151821215513e-01 9.213163291516728304e-01 1.293543538453871822e+00
-1.323090907633096835e-01 1.155358121541144367e+00 1.007044538289106450e+00
-1.413516371693036323e-02 1.245190362307079468e+00 9.661473096963302254e-01
-1.182445119117709643e-02 1.243183759197741045e+00 1.111938464144057281e+00
-1.700389171483929554e-02 1.184763769805399658e+00 1.226318528189978441e+00
-2.352679436577945898e-02 1.069415072459124483e+00 1.380197474002869962e+00
-2.333591090758495995e-02 8.659319883138762997e-01 1.557392478383189394e+00
-2.333591090758495995e-02 5.831495542859924663e-01 1.729323911316535289e+00
-3.411957551145270882e-04 2.639485255093297345e-01 1.848372455141473303e+00
2.284793934622451547e-02 -3.259088931667954853e-02 2.008822501272783168e+00
2.293157786214674795e-02 -2.446299549618949631e-01 2.112265711735805684e+00
2.293157786214674795e-02 -3.278359180405767126e-01 2.135001908587760511e+00
-3.379267422147431629e-03 -3.371342118285338141e-01 2.087441263694091997e+00
-6.527173903597836835e-02 -3.371342118285338141e-01 2.003968390843409164e+00
-1.922442412718336213e-01 -3.141029505984286319e-01 1.951047676525144103e+00
-3.736927078389207235e-01 -3.141369502883453180e-01 1.920386161940465186e+00
-5.983067324254390806e-01 -3.141369502883453180e-01 1.898831035420068369e+00
-8.143499500617735753e-01 -3.141369502883453180e-01 1.897356351578329159e+00
-9.194733516306531351e-01 -3.141369502883453180e-01 1.919922647075115618e+00
-8.926538991009738133e-01 -3.141369502883453180e-01 1.936740634194642041e+00
-8.146095194960200070e-01 -3.141369502883453180e-01 1.956800478986743252e+00
-6.600740933779194464e-01 -3.141369502883453180e-01 1.971093789392874607e+00
-4.381790674923356499e-01 -3.141369502883453180e-01 2.006359368547704136e+00
-1.689217855695373527e-01 -3.141369502883453180e-01 2.054198022492041531e+00
9.793596601809038960e-02 -3.126413412131659464e-01 2.073306993939308729e+00
2.995154670021682453e-01 -2.611793262218471967e-01 2.127906748101084933e+00
3.835106134838767722e-01 -1.748301339770857721e-01 2.136701171810799327e+00
3.785228678503037569e-01 -5.039855373727513549e-02 2.135884247146417447e+00
3.723302193675424587e-01 1.031310907573911723e-01 2.075064056080380581e+00
3.723302193675424587e-01 2.836736941761924258e-01 1.928119357567674941e+00
3.723302193675424587e-01 4.904553474546037850e-01 1.738505450457827672e+00
3.723302193675424587e-01 6.781463745818820943e-01 1.611912587383615536e+00
3.515115789501023769e-01 8.384119468734334557e-01 1.550864571208700804e+00
3.244583674557413588e-01 9.425644486809063860e-01 1.551783611456130307e+00
3.008009304743313184e-01 9.660237020911964789e-01 1.584886412522571009e+00
2.903615387383024493e-01 9.649659832782531144e-01 1.693497819976028218e+00
2.784134440517346265e-01 9.015258464590759635e-01 1.839900856490147119e+00
2.759694167333507364e-01 7.275127703044265148e-01 1.973663282113989004e+00
2.735417678556708587e-01 4.808579806762307007e-01 2.064077642734071016e+00
2.708757216744107077e-01 1.809091653498415553e-01 2.066045926839100044e+00
2.682242341071096048e-01 -1.080906956554457260e-01 2.088238214650298463e+00
2.676106639849644697e-01 -3.591973474233679520e-01 2.136233038025433739e+00
2.676106639849644697e-01 -5.476347254461410019e-01 2.153776944601466958e+00
2.676106639849644697e-01 -6.762479623918281613e-01 2.168882560751964395e+00
2.676106639849644697e-01 -7.204944309186952500e-01 2.179575984766473074e+00
2.676106639849644697e-01 -6.979008380207355478e-01 2.209113853430598962e+00
2.676106639849644697e-01 -6.578072141257016447e-01 2.280813473668529490e+00
2.676106639849644697e-01 -5.416928135800106459e-01 2.281494327445965364e+00
2.676106639849644697e-01 -2.961087034820630293e-01 2.182565799209007729e+00
2.676106639849644697e-01 1.743903905985910024e-02 2.013634916586340307e+00
2.676106639849644697e-01 4.121899698651915744e-01 1.706025454579437328e+00
2.413641461777975283e-01 8.358634792543003789e-01 1.291530812848152410e+00
1.054026263803273800e-01 1.163720624908066048e+00 1.091612344854839822e+00
-1.544549584283512467e-02 1.198526897546892789e+00 1.154248021158362114e+00
-1.026113492099954561e-01 1.187028078136221243e+00 1.208151192247514549e+00
-2.039767530681595442e-01 1.163855025771078688e+00 1.228146372159397481e+00
-3.019272187500286475e-01 1.146162315069137128e+00 1.294264838990362820e+00
-3.895010989115766376e-01 1.007037536914889175e+00 1.451182534830818938e+00
-4.362647429147684663e-01 7.134682352077483802e-01 1.658780768781971338e+00
-4.424290731179385538e-01 3.326037087611182774e-01 1.819781340244871037e+00
-4.424290731179385538e-01 -2.182571755777969191e-02 1.900097493354077072e+00
-4.424290731179385538e-01 -3.469029530230535174e-01 2.013328070494492916e+00
-4.193103048530151811e-01 -5.354086855138052714e-01 2.127487300229397693e+00
-4.187916542307222323e-01 -5.581073845027867408e-01 2.124697971882675951e+00
-3.959776847525584564e-01 -5.208831835242587749e-01 2.117324677509655029e+00
-3.728246060955912600e-01 -4.391363885998404437e-01 2.094345425596338295e+00
-3.729037907520029171e-01 -2.750105643082191298e-01 2.051928260229237466e+00
-3.729037907520029171e-01 -4.424550867922426821e-03 1.930152306552922248e+00
-3.729037907520029171e-01 3.300556850021668098e-01 1.759492699487657186e+00
-3.729037907520029171e-01 6.178708277000278803e-01 1.618000448799860491e+00
-3.958863383271687963e-01 7.758320998583881911e-01 1.486070860572481722e+00
-3.958863383271687963e-01 8.029606566185893968e-01 1.479613360719312043e+00
-3.970780585289610531e-01 7.772156120446843675e-01 1.488502409871508059e+00
-3.990179938390110981e-01 7.168311862602639861e-01 1.518800278131714920e+00
-4.009615688025509606e-01 6.147554174708348418e-01 1.566198761482132662e+00
-4.031417212429261321e-01 4.939100444066727436e-01 1.590396409594160732e+00
-4.053218736833013591e-01 3.884369254006477257e-01 1.592811730255294655e+00
-4.075020261236765307e-01 2.812514825857380663e-01 1.630246828625021793e+00
-4.075223105339793039e-01 1.552688051997857255e-01 1.652121035133523819e+00
-4.075223105339793039e-01 8.894702821260189185e-03 1.736177514769962071e+00
-4.075223105339793039e-01 -1.709125685310565190e-01 1.774626153993924538e+00
-4.075223105339793039e-01 -3.292652809836403849e-01 1.774213572084422319e+00
-4.075223105339793039e-01 -4.445055432875310020e-01 1.773964150403579687e+00
-4.075223105339793039e-01 -4.946477178356156190e-01 1.773964150403579687e+00
-4.075223105339793039e-01 -4.999168708243736936e-01 1.773964150403579687e+00
-4.075223105339793039e-01 -4.795258896919821767e-01 1.770757496391664132e+00
-4.075223105339793039e-01 -4.592159574287653645e-01 1.761355122939355367e+00
-4.075223105339793039e-01 -4.091757819504308058e-01 1.723948237432426422e+00
-4.075223105339793039e-01 -3.108808585745690967e-01 1.646732877681804874e+00
-4.075223105339793039e-01 -1.528108517682016665e-01 1.462425360655832618e+00
-4.075223105339793039e-01 7.137121918601041504e-02 1.245372571939762807e+00
-4.075223105339793039e-01 3.019726956932994311e-01 1.128255360859728551e+00
-4.075223105339793039e-01 4.712668723264193393e-01 9.054580712545196031e-01
-4.075223105339793039e-01 5.694117265748550594e-01 8.285650996374201993e-01
-4.075223105339793039e-01 5.672749392742301167e-01 8.288846165503916952e-01
-4.075223105339793039e-01 5.543481328870580871e-01 8.379125453922461331e-01
-4.075223105339793039e-01 4.872801936449567828e-01 9.131995684541897029e-01
-4.075223105339793039e-01 3.107501861370824958e-01 1.091532574857813520e+00
-4.075223105339793039e-01 7.684197346928751948e-02 1.292697402241283156e+00
-4.075223105339793039e-01 -1.542869975744144140e-01 1.378601200212611788e+00
-4.075223105339793039e-01 -3.359777563181760018e-01 1.474091504258493002e+00
-4.075223105339793039e-01 -4.553450527843351803e-01 1.717975100002514743e+00
-4.075223105339793039e-01 -5.089278095307112615e-01 1.814813879021600629e+00
-4.075223105339793039e-01 -5.115502686421304901e-01 1.814228025193675320e+00
-4.075223105339793039e-01 -5.115502686421304901e-01 1.814228025193675320e+00
-4.075223105339793039e-01 -4.726892000856034448e-01 1.802417696385122392e+00
-4.075223105339793039e-01 -3.956844076051712067e-01 1.748785543548777577e+00
-4.075223105339793039e-01 -2.285531616373772668e-01 1.634965242674477404e+00
-4.075223105339793039e-01 3.903431273368900695e-02 1.408302104269720578e+00
-4.075223105339793039e-01 3.457581266494556549e-01 1.110078911912909527e+00
-4.075223105339793039e-01 5.665241497769185619e-01 8.814551043793655838e-01
-4.075223105339793039e-01 6.451805681863906905e-01 8.006631400907139318e-01
-4.075223105339793039e-01 6.286725203093528336e-01 8.022008659488825133e-01
-4.075223105339793039e-01 5.993889779810777085e-01 8.494272633198001188e-01
-4.075223105339793039e-01 4.925484145273333891e-01 9.878503664929026984e-01
-4.075223105339793039e-01 2.758824832491110768e-01 1.199929389784059497e+00
-4.085302282345379954e-01 5.897731133296331418e-02 1.425477246258561870e+00
-4.539041016228719805e-01 -1.199656699253340703e-01 1.569757701771995473e+00
-5.051865529776921049e-01 -2.323821880736659518e-01 1.663884176056511732e+00
-6.027055199839411737e-01 -2.671893040468381053e-01 1.713723571381663424e+00
-7.169015124383936177e-01 -2.440821871116838349e-01 1.749034840393944412e+00
-8.458485766267221928e-01 -2.401310547394150119e-01 1.748183710754311670e+00
-9.481905727531229067e-01 -2.357853084726237169e-01 1.746989657512439509e+00
-2.438924999953852868e-01 2.077984592791081719e-01 1.819333055332005067e+00
-1.941063456990261282e-01 3.628262816897553922e-01 1.730870500507706744e+00
-1.708755138347331226e-01 4.760227454010828585e-01 1.657846623417733811e+00
-1.481635323298148288e-01 5.581531242945089177e-01 1.601727868749203809e+00
-1.243182315265087545e-01 6.043662929003812412e-01 1.568175784084488322e+00
-1.051410970259662736e-01 6.169419614978264299e-01 1.562744058981811568e+00
-8.191285064723156928e-02 6.179579574536916420e-01 1.577617730446119859e+00
-5.626099451847024063e-03 6.704847708278512952e-01 1.595131426788537921e+00
-1.185104881903272997e-02 6.749992727357172484e-01 1.571673679728739392e+00
-1.189100317069925576e-02 6.749992727357172484e-01 1.549879368052939688e+00
-1.189100317069925576e-02 6.749992727357172484e-01 1.437063619864195729e+00
-1.189100317069925576e-02 6.749992727357172484e-01 1.212011236188124341e+00
-1.189100317069925576e-02 6.749992727357172484e-01 9.631618020846213213e-01
-1.189100317069925576e-02 6.749992727357172484e-01 7.844215192877296294e-01
-1.189100317069925576e-02 6.749992727357172484e-01 7.758494279171449515e-01
-1.189100317069925576e-02 6.749992727357172484e-01 7.758811985967116742e-01
-1.189100317069925576e-02 6.749992727357172484e-01 7.759476111763956574e-01
-1.189100317069925576e-02 6.749992727357172484e-01 7.759785704240678150e-01
-1.189100317069925576e-02 6.749992727357172484e-01 7.759785704240678150e-01
-1.189100317069925576e-02 6.749992727357172484e-01 7.759785704240678150e-01
-1.189100317069925576e-02 6.749992727357172484e-01 7.759785704240678150e-01
-1.189100317069925576e-02 6.749992727357172484e-01 7.759785704240678150e-01
-1.189100317069925576e-02 6.749992727357172484e-01 7.759785704240678150e-01
-1.189100317069925576e-02 6.749992727357172484e-01 7.759785704240678150e-01
-1.189100317069925576e-02 6.749992727357172484e-01 7.759785704240678150e-01
-1.189100317069925576e-02 6.749992727357172484e-01 7.759785704240678150e-01
-1.189100317069925576e-02 6.749992727357172484e-01 7.759785704240678150e-01
-1.189100317069925576e-02 6.749992727357172484e-01 7.759785704240678150e-01
-1.189100317069925576e-02 6.749992727357172484e-01 7.759785704240678150e-01
-1.189100317069925576e-02 6.837393679591937667e-01 8.157567720163062530e-01
-1.189100317069925576e-02 8.175203358421252453e-01 1.055315623015445459e+00
-1.189100317069925576e-02 1.042240798100210419e+00 9.024626392065610014e-01
-1.189100317069925576e-02 1.221862136422421363e+00 7.803064360608527039e-01
-1.189100317069925576e-02 1.259597353628117533e+00 7.880318294583061878e-01
-1.189100317069925576e-02 1.323770214835211956e+00 8.628131431963791398e-01
-1.189100317069925576e-02 1.441548602816002500e+00 9.048328317707855506e-01
-1.189100317069925576e-02 1.555403266790743144e+00 9.050748257289004117e-01
-1.189100317069925576e-02 1.605906388438569810e+00 8.943409549553361648e-01
-1.189100317069925576e-02 1.607484045068332756e+00 9.012513586413873901e-01
-1.189100317069925576e-02 1.609378440323742332e+00 9.012513586413873901e-01
-1.189100317069925576e-02 1.611276386460605670e+00 8.949429125854780898e-01
-1.189100317069925576e-02 1.613169006275288364e+00 8.947366840485649897e-01
-1.189100317069925576e-02 1.615052748886337985e+00 8.945571703463368607e-01
-1.189100317069925576e-02 1.616957796786107959e+00 8.944544930027467089e-01
-1.189100317069925576e-02 1.617554344870285599e+00 8.942255443727838982e-01
