2.269113377362714373e-02 0.000000000000000000e+00 6.266214536796976646e-03
2.269113377362714373e-02 0.000000000000000000e+00 6.266214536796976646e-03
2.269113377362714373e-02 0.000000000000000000e+00 6.517916419285927493e-03
2.269113377362714373e-02 0.000000000000000000e+00 6.264778926521855258e-03
2.269113377362714373e-02 0.000000000000000000e+00 6.266007777708439835e-03
2.269113377362714373e-02 0.000000000000000000e+00 6.263671009896490914e-03
2.269113377362714373e-02 0.000000000000000000e+00 6.266401790311122537e-03
2.269113377362714373e-02 0.000000000000000000e+00 6.263889472329660542e-03
2.269113377362714373e-02 0.000000000000000000e+00 6.263522767531125128e-03
2.269113377362714373e-02 0.000000000000000000e+00 6.517684302950683788e-03
2.269113377362714373e-02 0.000000000000000000e+00 6.518010046043000438e-03
2.269113377362714373e-02 0.000000000000000000e+00 6.517658945703976026e-03
2.269113377362714373e-02 0.000000000000000000e+00 6.517444384385683714e-03
2.269113377362714373e-02 0.000000000000000000e+00 6.517093284046659302e-03
2.269113377362714373e-02 0.000000000000000000e+00 6.516703172558854784e-03
2.269113377362714373e-02 0.000000000000000000e+00 6.516313061071050267e-03
2.269113377362714373e-02 0.000000000000000000e+00 6.516059488603977851e-03
2.269113377362714373e-02 0.000000000000000000e+00 6.515805916136904567e-03
2.269113377362714373e-02 0.000000000000000000e+00 6.518669334457390108e-03
2.269113377362714373e-02 0.000000000000000000e+00 6.518298728543976510e-03
2.269113377362714373e-02 0.000000000000000000e+00 6.518006144928122254e-03
2.269113377362714373e-02 0.000000000000000000e+00 6.517498999993976555e-03
2.269113377362714373e-02 0.000000000000000000e+00 6.263464250807954103e-03
2.269113377362714373e-02 0.000000000000000000e+00 6.263655405436978178e-03
2.269113377362714373e-02 0.000000000000000000e+00 6.265364093753562034e-03
2.269113377362714373e-02 0.000000000000000000e+00 6.265364093753562034e-03
2.269113377362714373e-02 0.000000000000000000e+00 6.265364093753562034e-03
2.269113377362714373e-02 0.000000000000000000e+00 6.265594259531367081e-03
2.269113377362714373e-02 0.000000000000000000e+00 6.265594259531367081e-03
2.269113377362714373e-02 0.000000000000000000e+00 6.265594259531367081e-03
2.269113377362714373e-02 0.000000000000000000e+00 6.265438214936244928e-03
2.269113377362714373e-02 0.000000000000000000e+00 6.264092330303319169e-03
2.269113377362714373e-02 0.000000000000000000e+00 6.266331570243317828e-03
2.269113377362714373e-02 0.000000000000000000e+00 6.262219795161856790e-03
2.269113377362714373e-02 0.000000000000000000e+00 6.263464250807954103e-03
2.269113377362714373e-02 0.000000000000000000e+00 6.264591673007708500e-03
2.269113377362714373e-02 0.000000000000000000e+00 6.264591673007708500e-03
2.269113377362714373e-02 0.000000000000000000e+00 6.517393669892269058e-03
2.269113377362714373e-02 0.000000000000000000e+00 6.517764275805683523e-03
2.269113377362714373e-02 0.000000000000000000e+00 6.517510703338610240e-03
2.269113377362714373e-02 0.000000000000000000e+00 6.265625468450390818e-03
2.269113377362714373e-02 0.000000000000000000e+00 6.292816239150370201e-03
2.269113377362714373e-02 0.000000000000000000e+00 6.266317916341243750e-03
2.269113377362714373e-02 0.000000000000000000e+00 6.271206013283435639e-03
2.269113377362714373e-02 0.000000000000000000e+00 6.286810472795618943e-03
2.269113377362714373e-02 0.000000000000000000e+00 6.260119044800029758e-03
2.269113377362714373e-02 0.000000000000000000e+00 6.278372361314405424e-03
2.269113377362714373e-02 0.000000000000000000e+00 6.293957315252198675e-03
2.269113377362714373e-02 0.000000000000000000e+00 6.309561774764381979e-03
2.269113377362714373e-02 0.000000000000000000e+00 6.273714430150019450e-03
2.269113377362714373e-02 0.000000000000000000e+00 6.644956225289488060e-03
2.269113377362714373e-02 0.000000000000000000e+00 6.646134361982657113e-03
2.269113377362714373e-02 0.000000000000000000e+00 6.393952642363706119e-03
2.269113377362714373e-02 0.000000000000000000e+00 6.391245268638341866e-03
2.269113377362714373e-02 0.000000000000000000e+00 6.643867814238512033e-03
2.269113377362714373e-02 0.000000000000000000e+00 6.644043364408024240e-03
2.269113377362714373e-02 0.000000000000000000e+00 7.284116837465944017e-03
2.269113377362714373e-02 0.000000000000000000e+00 7.161153696509940832e-03
2.269113377362714373e-02 0.000000000000000000e+00 9.433793031536595597e-03
2.269113377362714373e-02 0.000000000000000000e+00 1.329319718930629078e-02
2.269113377362714373e-02 0.000000000000000000e+00 1.341309405396814806e-02
2.269113377362714373e-02 0.000000000000000000e+00 1.262120674487363960e-02
2.269113377362714373e-02 2.318345533815093298e-02 1.127212124719041697e-02
2.269113377362714373e-02 2.298240886885903264e-02 1.146333049182295116e-02
2.269113377362714373e-02 2.298240886885903264e-02 1.172752569470884333e-02
2.269113377362714373e-02 2.379558291470564718e-02 1.239264627584125457e-02
2.269113377362714373e-02 4.643908789009528609e-02 1.239649082455356911e-02
2.269113377362714373e-02 6.884107744412835961e-02 1.239612021864015638e-02
2.269113377362714373e-02 9.391253090282053462e-02 1.176117476108942683e-02
2.269113377362714373e-02 1.277120287810566412e-01 1.147941088735025643e-02
2.269113377362714373e-02 1.626022797662574071e-01 3.431385536695146996e-03
2.269113377362714373e-02 1.921071529741271988e-01 -1.687224382525034623e-03
2.269113377362714373e-02 2.104869814303181319e-01 -2.845656544445844538e-03
2.269113377362714373e-02 2.234581516426490111e-01 -2.946820255463327310e-03
2.269113377362714373e-02 2.440674897914179575e-01 -3.001416358181577954e-03
2.269113377362714373e-02 2.582796486857075191e-01 -3.056070977622998754e-03
2.269113377362714373e-02 2.706324772789401867e-01 -3.067473936411526259e-03
2.269113377362714373e-02 2.977739947564463918e-01 -3.579584989797227491e-03
2.269113377362714373e-02 3.197585670991231477e-01 -3.724238329475164106e-03
2.269113377362714373e-02 3.444408772400320284e-01 -4.166105908366773102e-03
2.269113377362714373e-02 3.680971601849697961e-01 -7.925528392927032317e-03
2.269113377362714373e-02 3.838490478564977604e-01 -7.924478993024838130e-03
2.269113377362714373e-02 3.836827334464222861e-01 -7.031665940920407004e-03
2.269113377362714373e-02 3.836827334464222861e-01 -7.033495563798211093e-03
2.269113377362714373e-02 3.836827334464222861e-01 -5.872722732950572989e-03
2.269113377362714373e-02 3.836827334464222861e-01 1.201724004056947161e-02
2.269113377362714373e-02 3.836827334464222861e-01 3.200678723020798644e-02
2.269113377362714373e-02 3.836827334464222861e-01 5.024737391909767092e-02
2.269113377362714373e-02 3.836827334464222861e-01 7.852077031668723561e-02
2.269113377362714373e-02 3.836827334464222861e-01 1.387833945387793311e-01
2.269113377362714373e-02 3.836827334464222861e-01 1.975924204450479615e-01
2.269113377362714373e-02 3.836827334464222861e-01 2.554695012158704204e-01
2.269113377362714373e-02 3.836827334464222861e-01 3.083471004125036274e-01
2.269113377362714373e-02 3.836827334464222861e-01 3.706778031593196965e-01
2.269113377362714373e-02 3.836827334464222861e-01 4.181044057457786178e-01
2.269113377362714373e-02 3.836827334464222861e-01 4.508548269075152160e-01
2.269113377362714373e-02 3.836827334464222861e-01 4.588918101525079618e-01
2.269113377362714373e-02 3.836827334464222861e-01 4.819185308316609184e-01
2.269113377362714373e-02 3.836827334464222861e-01 5.189654838754819144e-01
2.269113377362714373e-02 3.836827334464222861e-01 5.514829304567016033e-01
-2.708568766888064402e-04 3.836827334464222861e-01 5.854435710803650439e-01
3.324616790512330290e-08 3.836827334464222861e-01 6.121995391204965165e-01
3.324616790512330290e-08 3.836827334464222861e-01 6.496242137112695492e-01
3.324616790512330290e-08 3.836827334464222861e-01 6.787319610534011671e-01
3.324616790512330290e-08 3.836827334464222861e-01 6.777663570987871866e-01
3.324616790512330290e-08 3.836827334464222861e-01 6.777341494943541766e-01
3.324616790512330290e-08 3.836827334464222861e-01 6.778905685965042061e-01
3.324616790512330290e-08 3.836827334464222861e-01 6.775244879763483441e-01
3.324616790512330290e-08 3.836827334464222861e-01 6.757543180892864321e-01
3.324616790512330290e-08 3.836827334464222861e-01 6.752092231096068486e-01
3.324616790512330290e-08 3.836827334464222861e-01 6.750953729730059250e-01
3.324616790512330290e-08 3.836827334464222861e-01 6.737582580463259418e-01
3.324616790512330290e-08 3.836827334464222861e-01 6.736752423217211572e-01
3.324616790512330290e-08 3.836827334464222861e-01 6.736752423217211572e-01
3.324616790512330290e-08 3.836827334464222861e-01 6.736752423217211572e-01
3.324616790512330290e-08 3.836827334464222861e-01 6.736670655849367195e-01
3.324616790512330290e-08 3.836827334464222861e-01 6.702769655469960064e-01
3.324616790512330290e-08 3.836827334464222861e-01 6.703516172813022145e-01
2.277296494637209498e-02 3.836827334464222861e-01 6.707308680652862565e-01
2.269116706314076512e-02 3.836827334464222861e-01 6.693773996650377311e-01
2.269116706314076512e-02 3.836827334464222861e-01 6.705085357261567625e-01
2.269116706314076512e-02 3.836827334464222861e-01 6.819070316392640274e-01
2.269116706314076512e-02 3.836827334464222861e-01 7.188104548644921321e-01
2.397416572423245740e-02 3.836827334464222861e-01 7.679221830336716570e-01
2.566402465967179691e-02 3.836827334464222861e-01 7.859146241939231059e-01
2.737568822653616354e-02 3.836827334464222861e-01 8.143411432515907933e-01
4.624532194146312170e-02 3.836827334464222861e-01 8.882853713635919801e-01
6.947548246723132814e-02 3.836827334464222861e-01 9.597720843559386372e-01
9.776345195625076034e-02 3.836827334464222861e-01 9.840925707732465222e-01
1.500436011309463913e-01 3.836827334464222861e-01 1.008211385155819206e+00
1.912193894384294490e-01 3.836827334464222861e-01 1.022233614891304709e+00
2.342086905797156338e-01 3.836827334464222861e-01 1.028078233992673951e+00
2.737815111305754723e-01 3.836827334464222861e-01 1.062107190940081880e+00
3.201841414549980724e-01 3.836827334464222861e-01 1.123119816200822685e+00
3.703666185075791262e-01 3.836827334464222861e-01 1.180567196970058186e+00
4.092878523117329248e-01 3.836827334464222861e-01 1.209635059313676875e+00
4.540180840506130022e-01 3.836827334464222861e-01 1.226568519433593352e+00
4.983924730818403148e-01 3.836827334464222861e-01 1.247103613644598097e+00
5.448609500642149772e-01 3.836827334464222861e-01 1.285062772182582247e+00
5.866136345463319746e-01 3.836827334464222861e-01 1.327909247439782225e+00
6.220958618558390940e-01 3.836827334464222861e-01 1.355309055479386515e+00
6.453399762360689795e-01 3.836827334464222861e-01 1.367534837417991644e+00
6.510098461968476524e-01 3.836827334464222861e-01 1.373696726390162270e+00
6.280973841443691086e-01 3.836827334464222861e-01 1.375978098370843616e+00
6.049003189433973526e-01 3.836827334464222861e-01 1.375982467619506933e+00
5.732893513664657492e-01 3.836827334464222861e-01 1.376124031276201309e+00
5.210439009614729056e-01 3.836827334464222861e-01 1.388467658093042623e+00
4.595570596438142696e-01 3.836827334464222861e-01 1.441926039668259607e+00
3.856071126707846797e-01 3.836827334464222861e-01 1.500013328113170674e+00
2.960941627265409326e-01 3.836827334464222861e-01 1.565931433683999785e+00
1.949212055466486848e-01 3.836827334464222861e-01 1.620648283709955395e+00
1.003465295730504026e-01 3.836827334464222861e-01 1.652528943507401982e+00
5.957102807465402411e-03 3.836827334464222861e-01 1.684735424419463001e+00
-1.076093558159950808e-01 3.836827334464222861e-01 1.725587524915329851e+00
-2.329623398587027105e-01 3.836827334464222861e-01 1.750478884879431485e+00
-3.376687347868939093e-01 3.836827334464222861e-01 1.751370586113795591e+00
-4.388172796567937906e-01 3.836827334464222861e-01 1.747798163570914554e+00
-5.338322538341139234e-01 3.836827334464222861e-01 1.742720597281326222e+00
-6.173129441722464694e-01 3.836827334464222861e-01 1.741675972343742940e+00
-6.847662872101004661e-01 3.836827334464222861e-01 1.733162803412276132e+00
-7.422801804275607207e-01 3.836827334464222861e-01 1.715740112277733376e+00
-8.013184226669640697e-01 3.836827334464222861e-01 1.685791284567895287e+00
-8.658215158492282848e-01 3.836827334464222861e-01 1.654982963228126103e+00
-9.153042917114091459e-01 3.836827334464222861e-01 1.621490425180909023e+00
-9.540887943865965504e-01 3.836827334464222861e-01 1.591230007623531506e+00
-9.937740669144848882e-01 3.609584237249578442e-01 1.546655681773466462e+00
-1.029135076008375282e+00 3.607001414852383236e-01 1.507921668193945131e+00
-1.047431347785364952e+00 3.467426029841693680e-01 1.512372559389524307e+00
-1.052312655747371428e+00 3.362619544442533304e-01 1.511612310122090852e+00
-1.058836867785847513e+00 2.932228299975736530e-01 1.515830632453100124e+00
-1.059104604247436798e+00 2.396661722298803199e-01 1.522992954533515908e+00
-1.059104604247436798e+00 1.773352641977301858e-01 1.527457952160493848e+00
-1.059104604247436798e+00 1.170382566760917176e-01 1.526949496451749155e+00
-1.055493890441507432e+00 6.469352584496167180e-02 1.526310712297158423e+00
-1.036138568271029348e+00 1.182098977529152592e-02 1.521101569204963200e+00
-1.011850805445615897e+00 -3.794097691529219746e-02 1.489010186786264178e+00
-9.520797056602408048e-01 -6.958946177408038836e-02 1.453407800977323916e+00
-8.576650523786426561e-01 -8.138492780091433065e-02 1.440893024448553383e+00
-7.505588386061627926e-01 -8.144855898863623267e-02 1.436700293431143693e+00
-6.060680127854959354e-01 -8.144855898863623267e-02 1.437975864369507528e+00
-4.447078368999037301e-01 -5.846654616421054912e-02 1.438416659141807941e+00
-2.672835398979808152e-01 -5.796488012918220301e-02 1.438900647058037663e+00
-9.020091536741053906e-02 -5.603153614283009482e-02 1.408146129894666254e+00
9.956974096559699505e-02 -1.694962772703432693e-02 1.115976469143173722e+00
2.903597554953459836e-01 4.924005647008158210e-02 1.319238910392108943e+00
2.906052323688240735e-01 1.179775092065445119e-01 1.380631348197376651e+00
2.908671542620333561e-01 1.820264668439229294e-01 1.384076937693342613e+00
2.908671542620333561e-01 2.539681018459147288e-01 1.398234676555232037e+00
2.908671542620333561e-01 3.452438203086909962e-01 1.401674273938745552e+00
2.908671542620333561e-01 4.471279302716706927e-01 1.401674273938745552e+00
2.908671542620333561e-01 5.296986628513412620e-01 1.405903207302223512e+00
2.735319729364350527e-01 6.121988216621248036e-01 1.402432900342389877e+00
2.171892491943553383e-01 6.623841394198686228e-01 1.402315180299829933e+00
8.102217774674923267e-02 6.911916417032920590e-01 1.405196762211187611e+00
-4.055063499504201613e-02 7.097315039479876742e-01 1.406590427699139889e+00
-1.480305374286041975e-01 7.105546870409311655e-01 1.405859889322617517e+00
-2.477595508584645723e-01 7.122129486796872078e-01 1.403082420365125094e+00
-3.575106386815383730e-01 7.141002421721900362e-01 1.396491720845559392e+00
-4.475153857070834351e-01 7.157620546923995075e-01 1.379774476116643500e+00
-5.310712659599925445e-01 7.176564499478091941e-01 1.365626224766137264e+00
-5.841029259047948452e-01 6.981312180997841788e-01 1.360177397175835301e+00
-6.250723747103195116e-01 6.800005061705610698e-01 1.360289125105942576e+00
-6.419493147843514658e-01 6.237316851487311187e-01 1.377664878026272355e+00
-6.470866856851688054e-01 5.369170278279465913e-01 1.414914969924023103e+00
-6.554334320156406379e-01 4.078087092356136312e-01 1.476977775309934238e+00
-7.001811074596607787e-01 2.527143077977144769e-01 1.537125476588833806e+00
-7.664317225632167885e-01 1.350009453335399290e-01 1.562465745644182169e+00
-8.401102046491308872e-01 6.723190674146614643e-02 1.567829684974737958e+00
-9.309405094195914998e-01 4.247614883699379201e-02 1.562731895305621954e+00
-1.015941775968122851e+00 5.800593997011373182e-02 1.549237658062190270e+00
-1.074643705347867462e+00 5.788851675905031663e-02 1.543310460161082753e+00
-1.134273657595468165e+00 5.788851675905031663e-02 1.543973712108188678e+00
-1.168862172429163238e+00 5.788851675905031663e-02 1.548725207611810317e+00
-1.186908284607757880e+00 5.788851675905031663e-02 1.559319886606526095e+00
-1.186867804559188944e+00 5.859068137345879029e-02 1.587748465452849311e+00
-1.160899231997789771e+00 8.119608095225121225e-02 1.603626939274066077e+00
-1.097714669871223903e+00 8.426637279397632130e-02 1.606714500050984817e+00
-1.028603242738686641e+00 1.046831865889416291e-01 1.607496096219031001e+00
-9.368062992645636022e-01 1.044305191805203481e-01 1.614350573522190579e+00
-8.184176923059994779e-01 1.051199450077146130e-01 1.616806465778055868e+00
-6.908617303130737408e-01 1.193835029110427437e-01 1.635371777855918696e+00
-5.383559880337588366e-01 1.468939125855431294e-01 1.655625991795703911e+00
-3.650994271727646123e-01 2.068373854724735728e-01 1.668716510462636471e+00
-2.013268046207150330e-01 2.959348157076376329e-01 1.664518910853859168e+00
-6.891218817980555855e-02 3.803749542144893581e-01 1.643156780288708818e+00
4.753788162828080643e-02 4.790395243496541888e-01 1.627787885697321579e+00
1.179044288413111097e-01 5.766603572675986777e-01 1.582677765125446223e+00
1.625301869899282436e-01 6.678341210466431921e-01 1.522461778731721393e+00
1.918943676167100543e-01 7.707079504427326588e-01 1.437142960738585495e+00
2.117403550250259447e-01 8.608174262781450592e-01 1.335136234400416733e+00
2.207703575261666940e-01 8.984330675508965802e-01 1.243711453818001633e+00
2.207703575261666940e-01 9.074459148560153343e-01 1.205376664730640091e+00
2.207703575261666940e-01 8.868962537086731990e-01 1.159143023073887724e+00
2.207703575261666940e-01 8.842988726975189451e-01 1.157210067465194392e+00
2.207703575261666940e-01 8.610264844237163206e-01 1.194735297193063817e+00
4.534794597201444177e-01 -8.410233264718332269e-02 1.457970295267334349e+00
4.534794597201444177e-01 -1.976467832610964981e-01 1.612570541616716868e+00
4.534794597201444177e-01 -2.325749620988218080e-01 1.672686534633887945e+00
4.303876781542672059e-01 -2.156555113158894199e-01 1.673442913995362380e+00
4.169045818013958904e-01 -2.083182694861257511e-01 1.673442913995362380e+00
3.868777955988977890e-01 -1.823579527241059872e-01 1.673442913995362380e+00
3.371988779224325272e-01 -1.478206316141157106e-01 1.674735088078647349e+00
2.903912473752361945e-01 -1.005417311319576762e-01 1.690751879828980231e+00
2.383227196386609736e-01 -3.964802988451936877e-02 1.696708663785322813e+00
1.544916460731103336e-01 3.561926359234860590e-02 1.695945168790310875e+00
7.180088815206125963e-02 1.058291448060027090e-01 1.695311877405468515e+00
-3.913444637699579898e-02 1.900110676521621633e-01 1.691807240634708220e+00
-1.468240477792665255e-01 2.725063440009471982e-01 1.688637288311565454e+00
-2.379141993965869506e-01 3.490061567526822062e-01 1.680777259637440624e+00
-3.193352009476521647e-01 4.200815320310984924e-01 1.662866461009357089e+00
-3.730767486740242389e-01 4.713080570030269700e-01 1.653596288538035308e+00
-4.188417072684364473e-01 5.224533111756899384e-01 1.615443260195071673e+00
-4.078204370272343615e-01 5.433351572830011911e-01 1.609846252657241905e+00
-4.075549642525715943e-01 5.466072501563270514e-01 1.593176320649567046e+00
-4.075549642525715943e-01 5.466072501563270514e-01 1.594187364790280448e+00
-4.075549642525715943e-01 5.231335712901323820e-01 1.593309894822991346e+00
-4.075549642525715943e-01 4.890207414131440000e-01 1.600813642477533882e+00
-4.075549642525715943e-01 4.395714326086616608e-01 1.610699629339044314e+00
-4.075549642525715943e-01 3.657090148634593585e-01 1.635223972415419391e+00
-4.075549642525715943e-01 2.716322723381741078e-01 1.672690654211199224e+00
-4.075549642525715943e-01 1.844185847140593637e-01 1.721453341830009975e+00
-4.075549642525715943e-01 8.923573151952329807e-02 1.761059831949776333e+00
-4.075549642525715943e-01 1.211076389490123133e-02 1.785933839754900498e+00
-4.075549642525715943e-01 -5.091714055466695088e-02 1.809454129488423879e+00
-4.075549642525715943e-01 -8.127870511328656733e-02 1.804938198905597924e+00
-4.307366718912571946e-01 -8.142233059588559196e-02 1.786404345418111994e+00
-4.553606588042933279e-01 -8.142233059588559196e-02 1.760544135771817897e+00
-5.026669218795888350e-01 -8.142233059588559196e-02 1.748099392057337775e+00
-6.699324799383590268e-01 -8.142233059588559196e-02 1.743110334262102823e+00
-7.469605528853203724e-01 -8.142233059588559196e-02 1.743110334262102823e+00
-8.169968958644422408e-01 -8.142233059588559196e-02 1.743749992266425908e+00
-8.830511916096412950e-01 -8.142233059588559196e-02 1.743962961929848232e+00
-9.320224629984542597e-01 -8.142233059588559196e-02 1.744387902571284066e+00
-9.659273443803257919e-01 -5.822943605515715215e-02 1.747510791844538280e+00
-9.855426798452315840e-01 -3.964239840846429941e-02 1.755401530094982787e+00
-9.890593840646813018e-01 4.856168830966341859e-03 1.760631271073733961e+00
-9.890593840646813018e-01 6.356322479580932272e-02 1.764089843480014075e+00
-9.661579741307265712e-01 1.380203929914536054e-01 1.763620461337887635e+00
-9.660897084347842556e-01 2.143034244304562186e-01 1.755242614279310720e+00
-9.660897084347842556e-01 2.868199693327687649e-01 1.736956185101849792e+00
-9.660897084347842556e-01 3.489578203788972766e-01 1.706167462963227743e+00
-9.660897084347842556e-01 3.720330015739796714e-01 1.674508386490854095e+00
-9.553111853269429243e-01 3.720756565374391256e-01 1.652200001500885307e+00
-9.187050596514041434e-01 3.720756565374391256e-01 1.647194465396405016e+00
-8.497754376492828721e-01 3.508335735066764327e-01 1.638691408154702600e+00
-7.636839617225094079e-01 3.490931089622733574e-01 1.619493428870377727e+00
-6.233553459835091681e-01 3.490931089622733574e-01 1.574884398702357968e+00
-4.462109694051625830e-01 3.490931089622733574e-01 1.507428567273360054e+00
-1.973308645631056679e-01 3.490931089622733574e-01 1.414647072563117947e+00
2.825179054964043965e-02 3.490931089622733574e-01 1.397070209368594940e+00
2.054979276228892926e-01 3.490931089622733574e-01 1.393623621187219941e+00
3.210156691193571388e-01 3.490931089622733574e-01 1.393617878746119532e+00
4.038614840466238087e-01 3.490931089622733574e-01 1.396221451606808328e+00
4.690056888753064146e-01 3.721900836922761857e-01 1.396820912523428326e+00
5.177134848602742423e-01 3.720757009234573198e-01 1.397454203908270687e+00
5.511741953583386699e-01 3.720757009234573198e-01 1.399271811352249983e+00
5.696753086091737028e-01 3.720757009234573198e-01 1.402003715287966967e+00
5.764177666989818150e-01 3.720757009234573198e-01 1.411258283299776428e+00
5.813427505028653242e-01 3.720757009234573198e-01 1.434892922512604807e+00
5.582749817728169806e-01 3.720757009234573198e-01 1.482649933924774510e+00
5.573307136223112357e-01 3.720757009234573198e-01 1.484214124946275914e+00
5.553816791785367579e-01 3.490931533482914961e-01 1.490684732545435764e+00
5.532124456986308170e-01 3.490931533482914961e-01 1.529148976228910328e+00
5.515127275189058986e-01 3.483873268873841078e-01 1.514998602671910666e+00
5.696032701016869870e-01 3.239897974390410496e-01 1.500888301366938071e+00
5.703431850245473944e-01 2.824222248456936812e-01 1.500800292215289211e+00
5.838775472284026824e-01 2.331291992111809153e-01 1.491464081671312059e+00
5.940302274800755011e-01 1.228509386503259249e-01 1.488861382660356059e+00
6.282134979678966058e-01 -8.036449225711716007e-03 1.494012851670194264e+00
6.395958040808770173e-01 -1.131589075917050907e-01 1.558172272236161726e+00
6.395958040808770173e-01 -1.560737068014962925e-01 1.624930646742803075e+00
6.172407416445520045e-01 -1.397572900096464843e-01 1.748871126206972271e+00
6.166150319464379637e-01 -1.386034921121264418e-01 1.762836742963347803e+00
6.166150319464379637e-01 -1.128740963837518013e-01 1.775109712787517724e+00
6.166150319464379637e-01 -6.377572701897776808e-02 1.796317296785659323e+00
6.166150319464379637e-01 1.368071955051202576e-02 1.800086710025422532e+00
6.166150319464379637e-01 9.652024275970341738e-02 1.798991276967667252e+00
6.166150319464379637e-01 1.940907197400363882e-01 1.795654419345581898e+00
6.166150319464379637e-01 2.856176630656434567e-01 1.788545651770211853e+00
6.166150319464379637e-01 3.700833457259508630e-01 1.776643069397022989e+00
6.166150319464379637e-01 4.187170170605781783e-01 1.768952068228334396e+00
6.166150319464379637e-01 4.304185030302046799e-01 1.653961557726296716e+00
6.166150319464379637e-01 4.302555175714918301e-01 1.451619155410199591e+00
6.395029485308696415e-01 4.302555175714918301e-01 1.278927598045096259e+00
6.395958040808770173e-01 4.302555175714918301e-01 1.256329094943876568e+00
6.395958040808770173e-01 4.118286177430337536e-01 1.256330717807665920e+00
6.395958040808770173e-01 4.072729699963260619e-01 1.255313057376119312e+00
6.395958040808770173e-01 3.842190940899642970e-01 1.255406309626164285e+00
6.395958040808770173e-01 3.423727107234947331e-01 1.254657420405255630e+00
6.395958040808770173e-01 2.400563697155951304e-01 1.254922446545610581e+00
6.395958040808770173e-01 1.317739042686545958e-01 1.255304568550144717e+00
5.946084885247679974e-01 4.086067531975172418e-02 1.255072748699631813e+00
4.518758816557713609e-01 4.645986054659790448e-02 1.294394863149248343e+00
2.580219224848953052e-01 4.628237195644865909e-02 1.392223713915463179e+00
6.227680823793581982e-02 4.628237195644865909e-02 1.545174131969541564e+00
-9.180105906362782953e-02 9.826712108373179821e-02 1.700547610496672135e+00
-2.315995559428910000e-01 1.986894663103852265e-01 1.760375233102058123e+00
-3.048630065659254096e-01 3.520695021825640536e-01 1.761266934336422230e+00
-3.142293663127431746e-01 5.317741086748581925e-01 1.726306828081003220e+00
-2.680064549758828241e-01 6.721345048028667390e-01 1.745906029228305512e+00
-1.832164658738310303e-01 7.096137922278061838e-01 1.760995791247938591e+00
2.515005398816945459e-02 7.095075321003120328e-01 1.729241589990378580e+00
3.072371838155777968e-01 7.095075321003120328e-01 1.662942735607452427e+00
4.795791041931935506e-01 6.684583660061577115e-01 1.691467313088694802e+00
4.999893044714517343e-01 4.264294871914295348e-01 1.695651430444453434e+00
5.024294258202368635e-01 1.037524894634907213e-01 1.709614675322983279e+00
5.068115686219260008e-01 -2.281009180465159436e-01 1.729877003581714812e+00
3.711302355641412087e-01 -3.722860573600599299e-01 1.796602546305542170e+00
1.314019284570779600e-01 -3.723096041426980363e-01 1.814361295080139103e+00
-2.152593981795735967e-01 -3.250438655019898815e-01 1.816235827592418639e+00
-4.994798726170728287e-01 -2.522396770089396778e-01 1.814827930837391357e+00
-6.592190267331519138e-01 -1.877634262711625479e-01 1.814332707710312853e+00
-6.982161384353638978e-01 -5.537648451258080778e-02 1.816095886799513393e+00
-6.982161384353638978e-01 1.343886180199034552e-01 1.814664645773055973e+00
-6.982161384353638978e-01 3.578118101249929128e-01 1.747356120441853511e+00
-6.982161384353638978e-01 5.900440733257920067e-01 1.619003823348723614e+00
-6.982161384353638978e-01 7.909926270616117749e-01 1.440592295304834458e+00
-6.982161384353638978e-01 7.796051277845056360e-01 1.422686614939470795e+00
-6.982161384353638978e-01 6.957184829242087920e-01 1.497177810566292955e+00
-6.982161384353638978e-01 4.278795340189595064e-01 1.654046445986042890e+00
-7.004906555503642718e-01 4.169989286175840304e-02 1.764164495214320505e+00
-7.055825307825593917e-01 -1.742902335485949361e-01 1.785969792429616732e+00
-6.868293937205667277e-01 -1.861938811862197951e-01 1.786191250919013429e+00
-6.642775680657029280e-01 -1.485738900836878207e-01 1.785620002865191625e+00
-5.730016720588539947e-01 -8.047770607853571567e-02 1.774836697163892696e+00
-4.144810472995406614e-01 1.371708279589615130e-02 1.737400475273080724e+00
-2.852838457058263777e-01 1.234597594685271083e-01 1.667087280053888287e+00
-2.366086068651847285e-01 1.978077824454963218e-01 1.618022115591893240e+00
-2.330927903660984235e-01 2.388285858740412937e-01 1.636686172689548968e+00
-2.097806100270080687e-01 3.177091314822527157e-01 1.702711761777497834e+00
-2.097806100270080687e-01 4.495584198545133359e-01 1.699525455980786193e+00
-2.097806100270080687e-01 6.196073363405616430e-01 1.676444088484421613e+00
-2.097806100270080687e-01 7.608506147559496169e-01 1.570931726690083741e+00
-2.097806100270080687e-01 7.759249942461614591e-01 1.549832125551766415e+00
-2.097806100270080687e-01 7.671410012507168252e-01 1.549447881340738631e+00
-2.097806100270080687e-01 6.386832929126903258e-01 1.586296876211187978e+00
-2.097806100270080687e-01 4.442686717533252394e-01 1.635086653171712312e+00
-2.097806100270080687e-01 2.417286795291012647e-01 1.629836189470728947e+00
-2.097806100270080687e-01 3.492516613674216674e-02 1.647432776702075330e+00
-2.097806100270080687e-01 3.492516613674216674e-02 1.722025338897888780e+00
-2.097806100270080687e-01 1.548652641673592123e-01 1.724302341629906365e+00
-2.097806100270080687e-01 2.911408594293860563e-01 1.723911605963721394e+00
-2.097806100270080687e-01 4.410497533297647044e-01 1.719195189285082970e+00
-2.097806100270080687e-01 5.630641653404353519e-01 1.666999770244943946e+00
-2.097806100270080687e-01 6.337119701058393506e-01 1.625764299387781664e+00
-2.097806100270080687e-01 6.396823777956335277e-01 1.626273878617611635e+00
-2.097806100270080687e-01 6.167707590775001192e-01 1.625766421594275535e+00
-2.097806100270080687e-01 5.568667675537301021e-01 1.634904143413257627e+00
-2.097806100270080687e-01 3.782621353636750339e-01 1.666156754924257966e+00
-2.097806100270080687e-01 2.158170986150299842e-01 1.665009515060922096e+00
-2.097806100270080687e-01 7.041001222132128867e-02 1.661814970109587897e+00
-2.097806100270080687e-01 -3.265745672727833615e-02 1.661644943918743289e+00
-2.097806100270080687e-01 -3.488832019341046864e-02 1.660787822166658101e+00
-2.097806100270080687e-01 -1.168679419761288821e-02 1.661297651067840109e+00
-2.561033899047464035e-01 1.115799582191630106e-02 1.665262556976371711e+00
-3.372397661143094472e-01 8.630319168518253703e-02 1.668202062641438665e+00
-4.356625434155040333e-01 2.663414145865318772e-01 1.664497314281894402e+00
-4.538530876972176054e-01 4.869648254376209295e-01 1.611437408184779985e+00
-4.538530876972176054e-01 7.561249241736404114e-01 1.447394716131061410e+00
-4.538530876972176054e-01 8.374868035485059092e-01 1.402999779147548587e+00
-4.538530876972176054e-01 7.829097556091487720e-01 1.409656891246797938e+00
-4.538530876972176054e-01 5.333547835538565707e-01 1.572376200298207571e+00
-3.750354148837412027e-01 6.421910588977312873e-02 1.704385683358288661e+00
-1.452615600712124921e-01 -2.005047989709331790e-01 1.811852097990580113e+00
1.446448187761286697e-01 -2.210718816304062251e-01 1.832169353946794699e+00
3.061981515162834344e-01 -1.483730544479822111e-01 1.897449174705737152e+00
3.254578883966365299e-01 3.820298480641168976e-02 1.932790279444605241e+00
3.254578883966365299e-01 3.272637101391118186e-01 1.850851012874780155e+00
3.024751854704070819e-01 6.214147793863803448e-01 1.567781872910792629e+00
2.533561974131309791e-01 7.328824520760828243e-01 1.554499606645374676e+00
2.326623704787792735e-01 6.829957634485731566e-01 1.575405837321416813e+00
2.555837541209096120e-01 4.955855222722256315e-01 1.581192345415562528e+00
2.556432535782638404e-01 2.211763330276600437e-01 1.611168137631437958e+00
2.318018809375655964e-01 -7.786805614778142398e-04 1.615955460974099589e+00
9.798665814511300920e-02 -2.326073139578140048e-02 1.598921757806276878e+00
-8.790602507007110045e-02 -2.326073139578140048e-02 1.578084561259116336e+00
-2.908585298506438099e-01 2.524707228782608476e-02 1.581658481830110707e+00
-4.074424900825339702e-01 1.712559776053699800e-01 1.581119566216397709e+00
-4.305773260860341067e-01 4.056993081081982089e-01 1.557546470991885146e+00
-4.305773260860341067e-01 7.077394594526084104e-01 1.430926643411636112e+00
-4.075947785108682830e-01 9.396614643864131811e-01 1.288812835892550135e+00
-4.075947785108682830e-01 9.178197262502010290e-01 1.296593469076676719e+00
-4.075947785108682830e-01 7.703836661939973407e-01 1.345130953135807994e+00
-4.075947785108682830e-01 4.855277837134142072e-01 1.417224679603178439e+00
-3.458651234808217123e-01 1.495647302637563292e-01 1.498314689068512839e+00
-1.513046942517748683e-01 7.001003871510502741e-02 1.497688138810179481e+00
5.940713565007774144e-02 6.982259656038160289e-02 1.497802363453808683e+00
2.588945737950870130e-01 1.161673808066267383e-01 1.549289340032094620e+00
3.252873129288169629e-01 1.810677732375125804e-01 1.743479598191998825e+00
2.579452012524919846e-01 2.971464208455691924e-01 1.801022977596153263e+00
1.642071240458284342e-01 3.446848671819014998e-01 1.801022977596153263e+00
1.892585259474303255e-02 3.788280127092986671e-01 1.800354357714975428e+00
-1.757271353528147284e-01 3.836924539844011051e-01 1.765438568124571228e+00
-3.552925361956295047e-01 3.836924539844011051e-01 1.689736965782308031e+00
-5.200635334543316501e-01 3.836924539844011051e-01 1.548972382250483060e+00
-6.453950457607504632e-01 3.609623740805747993e-01 1.437079918722156124e+00
-6.916835818254721824e-01 3.599658192006671698e-01 1.352013143959061026e+00
-7.135380587488986404e-01 2.857808704544471112e-01 1.311100373324610935e+00
-7.207773295400610181e-01 1.791560452420082605e-01 1.316071704453840141e+00
-7.214148015329897579e-01 5.478108491662315310e-02 1.316283675431853650e+00
-6.986520091337736771e-01 -3.920869985081875536e-02 1.315902052770023589e+00
-6.976645533875903693e-01 -1.161306596989711282e-01 1.338123552129429017e+00
-6.345463927442036578e-01 -1.393768463514241107e-01 1.405293135353135048e+00
-4.618605916908315456e-01 -1.166273309198924968e-01 1.524935522489268669e+00
-2.542994089683449088e-01 -9.317524169034743786e-02 1.688013109931078004e+00
-2.113038715915061538e-01 -4.685879098138723275e-02 1.804946937402925000e+00
-2.280695581110000758e-01 2.383251208182141090e-02 1.818019604568175351e+00
-3.074756785603385834e-01 1.463905751395181420e-01 1.813898654064521887e+00
-4.168593833110359470e-01 2.624023774042138490e-01 1.738596151378742016e+00
-5.768064859222321594e-01 3.471567245336766860e-01 1.556205610994922495e+00
-6.883664371437059337e-01 3.488466334033865079e-01 1.495615991422637903e+00
-7.810958864735200180e-01 3.343478961827952567e-01 1.416904101586960119e+00
-8.625122718786958353e-01 2.699354170566209965e-01 1.290892223749305456e+00
-8.843003917049611085e-01 8.358000960203565421e-02 1.307418345058116271e+00
-8.843003917049611085e-01 -1.086839896896665408e-01 1.410807002330684012e+00
-7.814443167161387871e-01 -1.745369698753385101e-01 1.431248969127319803e+00
-6.128951150119503755e-01 -1.744917571675821399e-01 1.428136316379505777e+00
-3.554475987500994028e-01 -1.744917571675821399e-01 1.432751990667533226e+00
-1.290974039664356809e-01 -1.282625818539078200e-01 1.478371565633562312e+00
7.811782858219741554e-02 -5.123164600877462560e-02 1.612333603503483870e+00
1.274278152239026740e-01 8.627017958417010357e-02 1.726595323328464771e+00
8.846933045400139084e-02 2.334177749083000963e-01 1.756536785733413097e+00
8.117555918078098176e-02 3.654471817422864088e-01 1.753597280068346143e+00
8.117555918078098176e-02 4.425293168593763538e-01 1.753086577317431560e+00
8.117555918078098176e-02 4.840717003874134283e-01 1.753086577317431560e+00
8.117555918078098176e-02 4.884397728213432099e-01 1.750657275060574669e+00
8.117555918078098176e-02 4.884397728213432099e-01 1.750656026703813817e+00
8.117555918078098176e-02 4.656715209418924584e-01 1.747247763075000959e+00
8.117555918078098176e-02 3.918510479838588356e-01 1.713075869278461560e+00
8.117555918078098176e-02 1.874091148811365959e-01 1.711539142105701572e+00
8.117555918078098176e-02 -6.800899634160526008e-02 1.711831257587769883e+00
6.555203032554252074e-02 -2.872329923283264974e-01 1.713180731246383148e+00
-2.352066857512362386e-02 -3.644018355319075808e-01 1.680428843265452832e+00
-1.624690650155505567e-01 -3.493125645326004003e-01 1.660407572697265133e+00
-3.648234792978141683e-01 -3.493125645326004003e-01 1.660660989119743247e+00
-5.919798462329585176e-01 -3.300559790595372078e-01 1.664715901550740895e+00
-7.039524098793219498e-01 -2.844072674467069684e-01 1.692833389892229201e+00
-7.219400656719896503e-01 -1.534545932861965112e-01 1.742850551220143762e+00
-7.214133811804083196e-01 3.569463105119785595e-02 1.746299636115040466e+00
-6.162313012955108471e-01 2.161703225476108436e-01 1.746437704372804545e+00
-3.639888668051924348e-01 3.922759997217991623e-01 1.740216768125839586e+00
6.336700651967337727e-02 4.649369323412122501e-01 1.558019098861590512e+00
4.423539267222657556e-01 4.652551800914767055e-01 1.207741926285658796e+00
5.114098269460749524e-01 4.652551800914767055e-01 8.862705859692169286e-01
5.114098269460749524e-01 4.536204063071567205e-01 6.669218194983624892e-01
4.878779580100620628e-01 4.536204063071567205e-01 7.862976200481900380e-01
4.605074974508454044e-01 4.536204063071567205e-01 1.055337851568020735e+00
4.535209162611133493e-01 4.536204063071567205e-01 1.307003391270768144e+00
4.535209162611133493e-01 4.536204063071567205e-01 1.475705450099148663e+00
3.941713504902796261e-01 4.421189237353951862e-01 1.591928962574001183e+00
3.354891285026016523e-01 4.419848779605278222e-01 1.616038976041408892e+00
2.587462801083877939e-01 4.279444263775211144e-01 1.650918313614392341e+00
1.880570409950239608e-01 4.190023303853620540e-01 1.679450006729172218e+00
1.279874896234873549e-01 4.154973884607269241e-01 1.700414660501628150e+00
8.991624251899825448e-02 3.957320726404313094e-01 1.700415409515684928e+00
5.508842601660302041e-02 3.725042479288692143e-01 1.709482224670643591e+00
4.627769044521212044e-02 3.216665000900741367e-01 1.720933401239064020e+00
4.449500092690057002e-02 2.124236765610419408e-01 1.731761148441053777e+00
1.967780167677917608e-02 8.552789000933776198e-02 1.757300655235453535e+00
-4.428826507167053089e-02 -1.420720985326387811e-02 1.748760272126597792e+00
-2.039442924980994221e-01 -6.956449741298703637e-02 1.704581925041114054e+00
-4.595831007126139900e-01 -6.968995033214965551e-02 1.683033789318578499e+00
-6.916915713087424811e-01 -4.956411878872605398e-02 1.683414038787971245e+00
-8.646941997597976659e-01 -4.670810877208531747e-02 1.683937724449200202e+00
-9.308703795108860257e-01 -4.670810877208531747e-02 1.684310608613703408e+00
-9.308511159790010536e-01 -3.326407488932794920e-02 1.783691915847866349e+00
-9.308511159790010536e-01 3.806298020860530984e-02 1.914455039517790391e+00
-8.001526682858001172e-01 1.378969776679375148e-01 1.918251292427914256e+00
-6.244036993466187679e-01 1.857947066283305304e-01 1.868034394018243782e+00
-4.609222712667603306e-01 1.860031655626565028e-01 1.755926713784324855e+00
-3.494021564965922866e-01 1.860031655626565028e-01 1.621433375276932543e+00
-3.621538156560733523e-01 1.743200332115424633e-01 1.515802419590302152e+00
-4.488137211245152303e-01 1.743667273026552056e-01 1.479061407579677079e+00
-5.604238729325369262e-01 1.743667273026552056e-01 1.448745438146435971e+00
-6.939778063325392488e-01 1.743667273026552056e-01 1.465145350586712025e+00
-8.412449775896136961e-01 1.743667273026552056e-01 1.616869757465837276e+00
-9.277678856129800700e-01 1.977630413391829878e-01 1.782036719618490084e+00
-8.564984102771151520e-01 1.976388048743307757e-01 1.864039153040420560e+00
-7.722651993869626974e-01 1.976388048743307757e-01 1.954680090412619586e+00
-6.185212203588154045e-01 1.976388048743307757e-01 2.030420142143121165e+00
-4.294313234829548742e-01 1.976388048743307757e-01 2.038932312389178936e+00
-2.564251219574370522e-01 1.976388048743307757e-01 1.944496120792264859e+00
-9.548408324140518488e-02 1.746561019481013832e-01 1.743647252504997747e+00
-2.364326830555587775e-02 1.746561019481013832e-01 1.561348716014461901e+00
-1.220250996783734526e-02 1.727947076971995954e-01 1.447254900173832182e+00
-1.220250996783734526e-02 1.514202211742417814e-01 1.388327342793109098e+00
-3.507539494980380784e-02 1.513850674478527392e-01 1.321569342793496471e+00
-5.830848495277108495e-02 1.506683442194851619e-01 1.289887671063749242e+00
-8.901777276362921043e-02 1.489704458665051523e-01 1.286376792509184019e+00
-1.232154687073548638e-01 1.280086161544551349e-01 1.285945859755295739e+00
-1.824066318758515437e-01 1.281138775965404986e-01 1.285344651139210370e+00
-2.624632849039646443e-01 1.265673133725042365e-01 1.285344526303534129e+00
-3.649235031897558046e-01 1.248657753660344372e-01 1.285600189768181911e+00
-4.941111617895639352e-01 1.229276598827292871e-01 1.285221063819873777e+00
-6.449912661534763503e-01 1.207402281353745221e-01 1.287902409306771245e+00
-7.735103159686109731e-01 1.185436972542953382e-01 1.333034875464668145e+00
-8.649219000329995133e-01 1.394612962992409777e-01 1.428480238667154012e+00
-9.412022017318847356e-01 1.627796241018475976e-01 1.555127904603173183e+00
-9.775723713348426491e-01 1.811975579546357684e-01 1.679355755793718652e+00
-9.544643001002975913e-01 1.894687370891766087e-01 1.774437972014437426e+00
-9.129012326877943284e-01 2.091489205266260087e-01 1.828185473015496276e+00
-8.187864513449392145e-01 2.324108558931501922e-01 1.869089255481267697e+00
-6.160245512228842424e-01 2.779530632553863234e-01 1.884109983372018737e+00
-4.635283519374754913e-01 3.365430510973112521e-01 1.880806956218155968e+00
-3.283539737861964625e-01 4.014426445798700560e-01 1.860760468843396964e+00
-1.763310848055220093e-01 4.816191065675230476e-01 1.811886552637182790e+00
-3.681178985116614205e-02 5.581383825882247907e-01 1.722808682765400334e+00
1.442013358756032426e-01 6.288105996636211836e-01 1.545565991156811592e+00
2.913123904102764006e-01 6.582062166877704623e-01 1.459596155112827587e+00
3.725538949038702530e-01 6.630590732121310893e-01 1.453704410543731562e+00
4.046171116199156481e-01 6.630590732121310893e-01 1.453954830909983009e+00
4.069021038352035879e-01 6.630590732121310893e-01 1.455821498774668710e+00
3.839710440411126524e-01 6.630590732121310893e-01 1.459707633371582602e+00
3.253878472599674443e-01 6.630590732121310893e-01 1.460030583265646831e+00
2.312868477757533403e-01 6.630590732121310893e-01 1.481659862177645559e+00
1.187486287138571350e-01 6.630590732121310893e-01 1.491025658776857776e+00
-4.142115300223553342e-02 6.630590732121310893e-01 1.489623005120226829e+00
-2.086287484695306393e-01 6.630590732121310893e-01 1.488313853384992669e+00
-3.724213669227648404e-01 6.630590732121310893e-01 1.481232799329716299e+00
-5.076593724310877187e-01 6.630590732121310893e-01 1.462994806394581238e+00
-6.191588255097986160e-01 6.630590732121310893e-01 1.422262672983443776e+00
-6.918466560562214207e-01 6.630590732121310893e-01 1.396718672104704462e+00
-7.358849097718624943e-01 6.630590732121310893e-01 1.395796510965372716e+00
-7.573658783524054305e-01 6.630590732121310893e-01 1.395795512279963901e+00
-7.681703228948568718e-01 6.630590732121310893e-01 1.395795512279963901e+00
-7.547210930738476042e-01 6.630590732121310893e-01 1.396086379405270916e+00
-7.447194140559824094e-01 6.630590732121310893e-01 1.400844990542430279e+00
-7.169465054700365769e-01 6.630590732121310893e-01 1.437419971103845784e+00
-6.596040310547410801e-01 6.630590732121310893e-01 1.494743140375364376e+00
-5.624240844552591545e-01 6.630590732121310893e-01 1.573773486020766610e+00
-4.307600633228316767e-01 6.630590732121310893e-01 1.645294965748906213e+00
-2.891903923228454909e-01 6.630590732121310893e-01 1.674620988270694388e+00
-8.766713397203870772e-02 6.630590732121310893e-01 1.666257746986220534e+00
1.127640507877628595e-01 6.630590732121310893e-01 1.661636080585740416e+00
2.721071817532426662e-01 6.630590732121310893e-01 1.635017119700125754e+00
4.010426168048112361e-01 6.630590732121310893e-01 1.569919434192609486e+00
4.969989740414563206e-01 6.630590732121310893e-01 1.512212145545738906e+00
5.671584438349761559e-01 6.630590732121310893e-01 1.453628135945636224e+00
6.047516701685528018e-01 6.630590732121310893e-01 1.412642710947697111e+00
6.216437014887619128e-01 6.630590732121310893e-01 1.402832749012929980e+00
6.279187748072611042e-01 6.630590732121310893e-01 1.408102687079384685e+00
6.026017002205318329e-01 6.630590732121310893e-01 1.460802816757985623e+00
5.375271370543548421e-01 6.649816092030592651e-01 1.547274242548529521e+00
4.024871153800702595e-01 6.863223179661912532e-01 1.598508302047042084e+00
2.644468873867478198e-01 6.863304849935342178e-01 1.597766528459670710e+00
8.345702270762460351e-02 6.863304849935342178e-01 1.591699264929981927e+00
-1.268422946378792715e-01 6.863304849935342178e-01 1.563473793728668904e+00
-3.660476900649055065e-01 6.863304849935342178e-01 1.514753175732702850e+00
-5.735204558392015262e-01 6.863304849935342178e-01 1.442099935765063456e+00
-6.927268751825107485e-01 6.863304849935342178e-01 1.392709324695482254e+00
-7.781426183686949161e-01 6.493877357562093389e-01 1.379822163344912811e+00
-8.147455482509255997e-01 5.880267731860751024e-01 1.391329890474605202e+00
-8.362800463693789155e-01 4.703553111230510675e-01 1.457026912063065671e+00
-8.500827664390779859e-01 3.351755622635737009e-01 1.520090275392897761e+00
-8.539771956731372349e-01 2.282031057568431609e-01 1.547211075696424132e+00
-8.578497869862576897e-01 1.512422998204154267e-01 1.546084558555320676e+00
-8.611023056255715513e-01 8.789248854821003765e-02 1.545551884725412606e+00
-8.169525098462742108e-01 3.005982604477185766e-02 1.543327063306003666e+00
-7.674014682881510341e-01 -1.149700513217884711e-02 1.543564375926264942e+00
-6.754416281273515343e-01 -3.345712077884506475e-02 1.541522938115043040e+00
-5.491566153786479054e-01 -3.478246508833209016e-02 1.542415263527787905e+00
-3.977590588149331752e-01 -3.478246508833209016e-02 1.547014334670894442e+00
-1.868557420824515647e-01 -1.142808474246850489e-02 1.576437978691390684e+00
3.567218681031571192e-02 2.864585395350791389e-02 1.647415799050126139e+00
1.954750764743579394e-01 8.974979928544038477e-02 1.700387571159915234e+00
2.773582918256154439e-01 1.804954155332363919e-01 1.700929482829854456e+00
3.096024259517135002e-01 2.946666627825601514e-01 1.699479141944953975e+00
2.903885176351188591e-01 4.210724498866987853e-01 1.680665906214361627e+00
2.675341790734312442e-01 5.491141724624549747e-01 1.631139473929186456e+00
2.442353367328003733e-01 6.612094190630346535e-01 1.569062811783228595e+00
1.671437362973360874e-01 7.602910846109239840e-01 1.509378250862650539e+00
4.963554265389080733e-02 7.909968881193559787e-01 1.509053428433444921e+00
-6.181837591843193647e-02 7.910508615174483005e-01 1.507424572531725238e+00
-2.089942895221530983e-01 7.910508615174483005e-01 1.462916284754315788e+00
-3.704287010231312460e-01 7.910508615174483005e-01 1.399533342093674193e+00
-4.969397051833370771e-01 7.910508615174483005e-01 1.339575016535414109e+00
-6.041645183963617605e-01 7.910508615174483005e-01 1.278865429878399684e+00
-6.976524360046304496e-01 7.910508615174483005e-01 1.244105185540413050e+00
-7.517890414857067993e-01 7.662021481944275569e-01 1.233961662679113447e+00
-7.709392114802122720e-01 7.123241800412162261e-01 1.239080674413166161e+00
-7.798253810894796301e-01 6.417874290932684689e-01 1.269845053594949258e+00
-7.804245923347473690e-01 5.291930617183897567e-01 1.334882817977938840e+00
-8.054057535359814279e-01 3.908052246237846972e-01 1.413970463198669592e+00
-8.496629634792451924e-01 2.676826047045048340e-01 1.464648629431520410e+00
-8.957780833709845236e-01 1.978120435032404423e-01 1.469420722821698000e+00
-9.545836984891696853e-01 1.792767974044342794e-01 1.458424197785624488e+00
-1.008943343711540042e+00 1.746557246669469543e-01 1.451276481479312208e+00
-1.059910121705149422e+00 1.746557246669469543e-01 1.451147775897255521e+00
-1.089880448892537768e+00 1.746557246669469543e-01 1.452038977788915330e+00
-1.103900127819041899e+00 1.746557246669469543e-01 1.452120994828111300e+00
-1.082395545876833731e+00 1.746557246669469543e-01 1.451834996294172120e+00
-1.056627154257372192e+00 1.977227388346864678e-01 1.452255193179916359e+00
-9.768031616399913686e-01 1.976384275931763468e-01 1.452659161427767520e+00
-8.558050119012949875e-01 1.976384275931763468e-01 1.453737866504925869e+00
-6.631377795051672797e-01 1.976384275931763468e-01 1.460269768421049497e+00
-4.522295359246690238e-01 1.987518730519294008e-01 1.469713337646470386e+00
-2.389906047231788455e-01 2.255327985178389172e-01 1.486679504713524613e+00
-3.841056312907250442e-02 2.674622503173098020e-01 1.509945254503485046e+00
1.335102976095709770e-01 3.220189250743279441e-01 1.521194821455008173e+00
2.923273654877237560e-01 4.161205237697872539e-01 1.521193822769599358e+00
3.844122410617024643e-01 5.203718732397202285e-01 1.521193822769599358e+00
4.267509985277094797e-01 6.494329651087225042e-01 1.515867084470520432e+00
4.301570484038663156e-01 7.601334254743913332e-01 1.502615028438718303e+00
4.158547193136684639e-01 8.535726516207298165e-01 1.461234748197282940e+00
4.071762762694272619e-01 9.073084957437672626e-01 1.440289568790298125e+00
4.071762762694272619e-01 9.174823925121243784e-01 1.440274338837814305e+00
4.071762762694272619e-01 8.961044882657676069e-01 1.438060627793577906e+00
4.071762762694272619e-01 8.656149334378501203e-01 1.401405128221079543e+00
4.071762762694272619e-01 7.509838692333150600e-01 1.412688026298120514e+00
4.302183898809744944e-01 6.162171766589089605e-01 1.437022494311151588e+00
4.308446765973248382e-01 4.649465641071546806e-01 1.436959202623370180e+00
4.332686858215149539e-01 2.671753169028628916e-01 1.437722323111353839e+00
4.352122607850547609e-01 1.478079760506855744e-01 1.437593992036325652e+00
4.175527952107211394e-01 8.291234402024823258e-02 1.436158506596880713e+00
3.675256026427007883e-01 7.004942020972457217e-02 1.418312248013339660e+00
2.205573934109966994e-01 6.993659095154153293e-02 1.407816314038417005e+00
-1.271044495576839628e-01 1.163049552699384065e-01 1.410423007791008265e+00
-2.781004347185284109e-01 1.393522398526022277e-01 1.411004617205946055e+00
-3.983741158686869288e-01 1.703416256311094112e-01 1.411643026853508509e+00
-4.896360302798130060e-01 2.222077309318295502e-01 1.416692380280298869e+00
-5.425163782886806008e-01 2.818452288025189434e-01 1.441942268306152464e+00
-5.702048202820527711e-01 3.733151804807983143e-01 1.480865283099285223e+00
-5.617213650156236415e-01 4.739968732116073280e-01 1.503666769009839088e+00
-5.472331916673564001e-01 5.842631939335751756e-01 1.502596178251627501e+00
-5.458522094840957406e-01 6.956130217450415820e-01 1.498148532783626807e+00
-5.241559687154382363e-01 7.850704669735663055e-01 1.488301120146030776e+00
-5.239609365516081363e-01 8.604729907771614394e-01 1.488472394693636458e+00
-5.239609365516081363e-01 9.068388916715499626e-01 1.493206163531252351e+00
-5.239609365516081363e-01 9.190417621024020711e-01 1.500742992639960471e+00
-5.239609365516081363e-01 8.959298736702947519e-01 1.501891980202761490e+00
-5.239609365516081363e-01 8.695676858997820613e-01 1.502021934141579029e+00
-5.239609365516081363e-01 8.069164661675226613e-01 1.510517126735687610e+00
-5.239609365516081363e-01 6.786646645677772982e-01 1.525552460400542154e+00
-5.239609365516081363e-01 5.030579084308063331e-01 1.523008558993028005e+00
-5.076884896590059260e-01 3.379530173504355361e-01 1.526722420356927623e+00
-4.592667615611307208e-01 2.389299191535188271e-01 1.518360801936243343e+00
-3.489671513255369617e-01 1.906226847895079457e-01 1.432630775226042763e+00
-2.237334879961693779e-01 1.862922960850027787e-01 1.355328779516209892e+00
-4.189702935630690850e-01 8.576178157724875240e-01 1.326464648995982376e+00
-4.189702935630690850e-01 7.473560224243728234e-01 1.380311644030890905e+00
-4.189702935630690850e-01 5.494534147993128670e-01 1.508532489157089929e+00
-4.189702935630690850e-01 1.961478563310589951e-01 1.736928970924460636e+00
-4.189702935630690850e-01 -1.656541070244246239e-01 1.895328091733165188e+00
-3.959895214286300313e-01 -3.727558167833408542e-01 2.003789571539629666e+00
-3.959895214286300313e-01 -4.513218430668138326e-01 2.012715447216274267e+00
-3.959895214286300313e-01 -4.536050598413751134e-01 2.011868936496657323e+00
-3.959895214286300313e-01 -4.305581303468566379e-01 2.011889409547537255e+00
-3.959895214286300313e-01 -4.290797208537173169e-01 2.011750717111393083e+00
-3.959895214286300313e-01 -3.793075259600720006e-01 2.011687799930639731e+00
-3.959895214286300313e-01 -3.059789610483851785e-01 2.006086173472794609e+00
-3.959895214286300313e-01 -2.082813403190099666e-01 1.966754696347470910e+00
-3.959895214286300313e-01 -9.768343107419208415e-02 1.901632543047439228e+00
-3.959895214286300313e-01 5.610581891836036172e-02 1.806567304478670088e+00
-3.959895214286300313e-01 2.257055267075396277e-01 1.703252924433380278e+00
-3.959895214286300313e-01 3.930569717114649197e-01 1.606207292699000755e+00
-3.959895214286300313e-01 5.714940910689539910e-01 1.481679835885820973e+00
-3.959895214286300313e-01 7.307751814775395038e-01 1.351366370321200217e+00
-3.959895214286300313e-01 8.468245565066143676e-01 1.243254680079161067e+00
-3.959895214286300313e-01 8.842243929590331009e-01 1.196796084534080817e+00
-3.959895214286300313e-01 8.841980276642412706e-01 1.198271642225552824e+00
-3.959895214286300313e-01 8.610589749890152911e-01 1.209156938674223580e+00
-3.959895214286300313e-01 8.338712960526142304e-01 1.216517749479634425e+00
-3.959895214286300313e-01 7.729642692902840562e-01 1.264394353469505683e+00
-3.959895214286300313e-01 6.374930374494974794e-01 1.379356775944421409e+00
-3.959895214286300313e-01 4.307456723701209023e-01 1.520512219978107149e+00
-3.959895214286300313e-01 1.892405263767659163e-01 1.645705050944886283e+00
-3.959895214286300313e-01 4.395491896653072389e-04 1.719157863417930088e+00
-3.959895214286300313e-01 -1.232129593368824216e-01 1.785257729733156884e+00
-3.959895214286300313e-01 -1.511519021461640300e-01 1.778775886923148031e+00
-3.959895214286300313e-01 -1.510957704779383459e-01 1.769790714300357060e+00
-4.189702935630690850e-01 -1.279288239644197633e-01 1.750870244723997216e+00
-4.423043340161071924e-01 -1.075241663901802258e-01 1.716447556054178092e+00
-4.622468832069475675e-01 -1.048172351379350747e-01 1.714620835605843885e+00
-5.103958148371623427e-01 -1.031461514881807928e-01 1.714792484660477845e+00
-5.715029781554119559e-01 -8.156383469555963939e-02 1.714081919992130887e+00
-6.323203895470609348e-01 -8.175836667144383008e-02 1.713455993912178288e+00
-6.948938449754901159e-01 -8.175836667144383008e-02 1.714433831763049865e+00
-7.139195565750525718e-01 -8.175836667144383008e-02 1.715901275135575332e+00
-6.985865841429940160e-01 -5.953080220539198192e-02 1.715703785095989309e+00
-6.862013315634896138e-01 -5.418092214609084717e-02 1.723277940071850756e+00
-6.549379508948314221e-01 -1.607629953006555271e-02 1.724960350478616178e+00
-5.793223742040299884e-01 1.391373504938941789e-02 1.724960350478616178e+00
-4.659010509246634402e-01 5.387454488156017546e-02 1.732126916972019481e+00
-3.504814025283468637e-01 1.026104483125329370e-01 1.741647010466888190e+00
-2.039321751151395579e-01 1.653112916131041776e-01 1.754086386247296181e+00
-2.112994747749642396e-02 2.610370634853665384e-01 1.752818555120850164e+00
1.263008986086356367e-01 3.553513599798868716e-01 1.751543733196543107e+00
2.279416955165230185e-01 4.376342936177562426e-01 1.741739388867200367e+00
2.961019080867112740e-01 5.103727686109087447e-01 1.719702646308419292e+00
3.252178710033931663e-01 5.816523195728977580e-01 1.706579046187321147e+00
3.348920699792150013e-01 6.430017861643264609e-01 1.690403837964020495e+00
3.370806557630420808e-01 6.745414697960803174e-01 1.684823683242463899e+00
3.370806557630420808e-01 6.861863192065245087e-01 1.684824806763548510e+00
3.370806557630420808e-01 6.861863192065245087e-01 1.684824806763548510e+00
3.370806557630420808e-01 6.861863192065245087e-01 1.684824806763548510e+00
3.370806557630420808e-01 6.861863192065245087e-01 1.684824806763548510e+00
3.370806557630420808e-01 6.861863192065245087e-01 1.684556784566967558e+00
3.370806557630420808e-01 6.861863192065245087e-01 1.683592803476142707e+00
3.370806557630420808e-01 6.861863192065245087e-01 1.683289702454578318e+00
3.370806557630420808e-01 6.861863192065245087e-01 1.683289702454578318e+00
3.370806557630420808e-01 6.861863192065245087e-01 1.683289702454578318e+00
3.370806557630420808e-01 6.861863192065245087e-01 1.683289702454578318e+00
3.370806557630420808e-01 6.861863192065245087e-01 1.683289702454578318e+00
3.370806557630420808e-01 6.861863192065245087e-01 1.683540622163534062e+00
3.370806557630420808e-01 6.861863192065245087e-01 1.683890911070663465e+00
3.370806557630420808e-01 6.861863192065245087e-01 1.683776311920006208e+00
3.370806557630420808e-01 6.861863192065245087e-01 1.678349705080049326e+00
3.370806557630420808e-01 6.861863192065245087e-01 1.656367640547399267e+00
3.370806557630420808e-01 6.861863192065245087e-01 1.631453185983219312e+00
3.370806557630420808e-01 6.861863192065245087e-01 1.608328750178601219e+00
3.370806557630420808e-01 6.632008421541595311e-01 1.566763713136541725e+00
3.370806557630420808e-01 6.632049256678310689e-01 1.504068240544168766e+00
3.370806557630420808e-01 6.627010999756062226e-01 1.468634008390931944e+00
3.370806557630420808e-01 6.610013817958814153e-01 1.438954950577140179e+00
3.370806557630420808e-01 6.593016636161563859e-01 1.377365771746342782e+00
3.370806557630420808e-01 6.576074049166661384e-01 1.318532590136749505e+00
3.370806557630420808e-01 6.401428383481082562e-01 1.276247750586312124e+00
3.370806557630420808e-01 6.399332475703189971e-01 1.231526742816832387e+00
3.370806557630420808e-01 6.246169198950733970e-01 1.191902900538088561e+00
3.370806557630420808e-01 6.166629454393700582e-01 1.191649359279934650e+00
3.370806557630420808e-01 6.161936964552982010e-01 1.194587991095269031e+00
3.370806557630420808e-01 5.935360989191401648e-01 1.194545671801071851e+00
3.370806557630420808e-01 5.702366795602731298e-01 1.194176158199823368e+00
3.370806557630420808e-01 5.344883136858306072e-01 1.194841782024775201e+00
3.370806557630420808e-01 4.807398639336334378e-01 1.194839534982605311e+00
3.370806557630420808e-01 4.210258889536405702e-01 1.194839534982605311e+00
3.370806557630420808e-01 3.383049097024713459e-01 1.194586992409859993e+00
3.370806557630420808e-01 2.713820905467702049e-01 1.193174976077521654e+00
3.370806557630420808e-01 2.125844649118554808e-01 1.176776936172387211e+00
3.370806557630420808e-01 1.735832031169447787e-01 1.162608086935325025e+00
3.370806557630420808e-01 1.513010003294425754e-01 1.160909572726342764e+00
3.370806557630420808e-01 1.457775820356091434e-01 1.136227687026732713e+00
3.370806557630420808e-01 1.397733965859891681e-01 1.117592342134579253e+00
3.370806557630420808e-01 1.628010181626045882e-01 1.113798336266625055e+00
3.370806557630420808e-01 1.625883869425708284e-01 1.113795964388779369e+00
3.370806557630420808e-01 1.625883869425708284e-01 1.113033093572147747e+00
3.370806557630420808e-01 1.625883869425708284e-01 1.113033093572147747e+00
3.370806557630420808e-01 1.625883869425708284e-01 1.113033093572147747e+00
3.370806557630420808e-01 1.625883869425708284e-01 1.119312203244174020e+00
3.370806557630420808e-01 1.625883869425708284e-01 1.176679938852059459e+00
3.370806557630420808e-01 1.625883869425708284e-01 1.273539315757701518e+00
3.370806557630420808e-01 1.625883869425708284e-01 1.387919629474974714e+00
3.370806557630420808e-01 1.625883869425708284e-01 1.498859721630354080e+00
3.370806557630420808e-01 1.862974670561193258e-01 1.580444954222767207e+00
3.370806557630420808e-01 2.111021494491173711e-01 1.649765705816984784e+00
3.370806557630420808e-01 2.377881110291564515e-01 1.695194407034260609e+00
3.370806557630420808e-01 2.636757013004079053e-01 1.719670438703986060e+00
3.370806557630420808e-01 3.008483923048520525e-01 1.739721045656056342e+00
3.370806557630420808e-01 3.347893595194940675e-01 1.759880883824711972e+00
3.370806557630420808e-01 3.860313308257450338e-01 1.762796670711320735e+00
3.370806557630420808e-01 4.461608477078265467e-01 1.761341461235052419e+00
3.370806557630420808e-01 5.166804212667432950e-01 1.751992642287789392e+00
3.370806557630420808e-01 5.684812569277473138e-01 1.744648684298651498e+00
3.370806557630420808e-01 6.165992958893171672e-01 1.744205267977153362e+00
3.238927264309878762e-01 6.539689498493818087e-01 1.740411511780551423e+00
3.140979528368126883e-01 6.748143550357771359e-01 1.739651387348794209e+00
2.903492138160310709e-01 6.811421145578417935e-01 1.737491105973927530e+00
2.263692320508857159e-01 6.861872069268878382e-01 1.732864321310727318e+00
-5.120094685276594948e-01 6.861872069268878382e-01 1.320313620727632031e+00
-5.430229115280137409e-01 6.861872069268878382e-01 1.268956348416811375e+00
-6.090340640635534264e-01 6.647555955985479104e-01 1.234768475653731379e+00
-7.071843777922239838e-01 6.632058133881943984e-01 1.193742104554032624e+00
-8.190920046940075583e-01 6.402090622872148584e-01 1.152137869109678414e+00
-9.066050760106654227e-01 5.858396521408474333e-01 1.126860142728055125e+00
-9.543077950002374354e-01 4.811636172490831864e-01 1.181184883895388671e+00
-9.657071009581761345e-01 3.442839726658082355e-01 1.294277018271012158e+00
-9.469920914857896665e-01 2.437452029135001863e-01 1.395363081497962066e+00
-9.122180430961527309e-01 1.807026982380808555e-01 1.466494324902621216e+00
-8.345912471501234497e-01 1.630245905361167313e-01 1.493521872956102614e+00
-7.180377801127146853e-01 1.628778503600533667e-01 1.496751122225391972e+00
-5.411050804550113780e-01 1.628778503600533667e-01 1.498696436566018697e+00
-3.387197735041027613e-01 1.628778503600533667e-01 1.499081180119751222e+00
-1.159057573053598883e-01 1.875178384326390835e-01 1.499347829123895304e+00
6.400326344535466061e-02 2.331754716351210621e-01 1.515033306989865602e+00
1.957766350817912449e-01 3.120075699045020690e-01 1.523668814883907707e+00
2.462113578756209842e-01 4.867610492282117840e-01 1.450236350626068038e+00
2.325601494789384105e-01 7.578555350220101960e-01 1.369353443547379534e+00
1.768352680132525279e-01 9.899865981013862282e-01 1.170013214405750457e+00
7.642720953619695778e-02 1.124955247058456731e+00 1.067736967842887186e+00
-5.933364662138800733e-02 1.140248360846200404e+00 1.065375888283017769e+00
-1.943751330342721184e-01 1.140248360846200404e+00 1.067374757128690232e+00
-3.295240558041318546e-01 1.114140149871645002e+00 1.089738007398304287e+00
-4.610910712938531275e-01 1.038050086646627568e+00 1.100246799447864854e+00
-5.534870484691712944e-01 8.979288423845082079e-01 1.187454506056031533e+00
-6.261856648180089691e-01 7.118215527714818469e-01 1.301268565146526779e+00
-6.893375588352032013e-01 4.716946592212701295e-01 1.399886502221353801e+00
-7.448739217852251571e-01 2.632111350412527084e-01 1.459866424351578651e+00
-7.682125783841526889e-01 9.310459440711774115e-02 1.530624159413354057e+00
-7.417761771912632085e-01 -2.507988125389181561e-02 1.585446245914259755e+00
-6.399886512038169828e-01 -7.181668003847045678e-02 1.588308228624470297e+00
-5.081916051749401086e-01 -6.082423158075315334e-02 1.587851330049953491e+00
-3.505398145282559441e-01 -5.846604820856922402e-02 1.587544483958105879e+00
-1.660179047121538021e-01 -5.612915764153831449e-02 1.587875298499764165e+00
-7.213455293494087884e-04 -3.186258081742147918e-02 1.607305846648658720e+00
1.157899899008336120e-01 3.408448385613593867e-02 1.656104112435157205e+00
1.478120274885235674e-01 1.352668175823661667e-01 1.666726255278614621e+00
1.279284229298102982e-01 2.741423238585828370e-01 1.662270620327343629e+00
1.045663305132900345e-01 4.502503091057158957e-01 1.588945015408243400e+00
7.607884587260549392e-02 5.958550020523085688e-01 1.479844876282864652e+00
2.360094311634080080e-02 7.311283166380839749e-01 1.368531899962982079e+00
-3.983970969029763248e-02 8.258368941319905732e-01 1.296011110647681930e+00
-1.003037390241760807e-01 8.608502719315893614e-01 1.278563826884948407e+00
-1.882532358644706250e-01 8.607421475913321629e-01 1.282320506885749278e+00
-2.440423771879592363e-01 8.607421475913321629e-01 1.279200738504397528e+00
-2.818955502369366872e-01 8.607421475913321629e-01 1.269118385124385684e+00
-3.027522738579649375e-01 8.607421475913321629e-01 1.247559388698029847e+00
-3.026320765207660690e-01 8.607421475913321629e-01 1.233501643212694399e+00
-3.026320765207660690e-01 8.607421475913321629e-01 1.227697283616866697e+00
-3.026320765207660690e-01 8.607421475913321629e-01 1.227695785588753585e+00
-3.026320765207660690e-01 8.607421475913321629e-01 1.227276587388418161e+00
-3.026320765207660690e-01 8.607421475913321629e-01 1.222125617721284696e+00
-2.797858606004031690e-01 8.607421475913321629e-01 1.209900210289707845e+00
-2.796348149805775729e-01 8.607421475913321629e-01 1.193908011167566174e+00
-2.562876584591707863e-01 8.607421475913321629e-01 1.191333275348055887e+00
-2.563226124484780932e-01 8.607421475913321629e-01 1.186240603941659755e+00
-2.548834180023902274e-01 8.607421475913321629e-01 1.172113200149061951e+00
-2.332114119996523960e-01 8.607421475913321629e-01 1.160130972614523026e+00
-2.099737113990478854e-01 8.607421475913321629e-01 1.156398760406237125e+00
-1.866501460462974271e-01 8.607421475913321629e-01 1.135282556122998665e+00
-1.688647906279349131e-01 8.607421475913321629e-01 1.137124631359492932e+00
-1.630630054211609226e-01 8.607421475913321629e-01 1.138083244516245429e+00
-1.613523682809667181e-01 8.607421475913321629e-01 1.138082120995160595e+00
-1.596635690617111414e-01 8.607421475913321629e-01 1.138078875267581891e+00
-1.579602112284964610e-01 8.607421475913321629e-01 1.137704617910641813e+00
-1.562568533952817806e-01 8.607421475913321629e-01 1.137704617910641813e+00
-1.545680541760261761e-01 8.607421475913321629e-01 1.137704617910641813e+00
-1.526099205985272378e-01 8.607421475913321629e-01 1.137701372183063109e+00
-1.517977008520712545e-01 8.607421475913321629e-01 1.137701372183063109e+00
-1.517977008520712545e-01 8.607421475913321629e-01 1.137701372183063109e+00
-1.517977008520712545e-01 8.607421475913321629e-01 1.137701372183063109e+00
-1.517977008520712545e-01 8.607421475913321629e-01 1.137701372183063109e+00
-1.517977008520712545e-01 8.607421475913321629e-01 1.137701372183063109e+00
-1.517977008520712545e-01 8.607421475913321629e-01 1.137701372183063109e+00
-1.517977008520712545e-01 8.607421475913321629e-01 1.137701372183063109e+00
-1.517977008520712545e-01 8.607421475913321629e-01 1.137701372183063109e+00
-1.517977008520712545e-01 8.607421475913321629e-01 1.137701372183063109e+00
-1.517977008520712545e-01 8.607421475913321629e-01 1.137701372183063109e+00
-1.517977008520712545e-01 8.607421475913321629e-01 1.137701372183063109e+00
-1.517977008520712545e-01 8.607421475913321629e-01 1.137701372183063109e+00
-1.517977008520712545e-01 8.607421475913321629e-01 1.137701372183063109e+00
-1.517977008520712545e-01 8.607421475913321629e-01 1.137701372183063109e+00
-1.517977008520712545e-01 8.612372292379778527e-01 1.155263255096454555e+00
-1.517977008520712545e-01 9.592846117905167169e-01 1.182941571529432023e+00
-1.517977008520712545e-01 1.096928050974426583e+00 1.156749798327423084e+00
-1.517977008520712545e-01 1.183041187278065953e+00 1.117025213658068505e+00
-1.517977008520712545e-01 1.232487566605349194e+00 1.108939731752911717e+00
-1.517977008520712545e-01 1.248055252301479845e+00 1.109192149489980794e+00
-1.517977008520712545e-01 1.283130149122259533e+00 1.109195270381883480e+00
-1.517977008520712545e-01 1.314543554532325631e+00 1.104848991482874077e+00
-1.517977008520712545e-01 1.327295835096060861e+00 1.080094576255451244e+00
-1.517977008520712545e-01 1.346246889413064807e+00 1.078260927427093785e+00
-1.517977008520712545e-01 1.349678905109850113e+00 1.078262487873044906e+00
