0.000000000000000000e+00 0.000000000000000000e+00 -1.402963795263913226e-03
0.000000000000000000e+00 0.000000000000000000e+00 -1.402963795263913226e-03
0.000000000000000000e+00 0.000000000000000000e+00 -1.402963795263913226e-03
0.000000000000000000e+00 0.000000000000000000e+00 -1.402963795263913226e-03
0.000000000000000000e+00 0.000000000000000000e+00 -1.402963795263913226e-03
0.000000000000000000e+00 0.000000000000000000e+00 -1.402963795263913226e-03
0.000000000000000000e+00 0.000000000000000000e+00 -1.402963795263913226e-03
0.000000000000000000e+00 0.000000000000000000e+00 -1.402963795263913226e-03
0.000000000000000000e+00 0.000000000000000000e+00 -1.402963795263913226e-03
0.000000000000000000e+00 0.000000000000000000e+00 -1.402963795263913226e-03
0.000000000000000000e+00 0.000000000000000000e+00 -1.402963795263913226e-03
0.000000000000000000e+00 0.000000000000000000e+00 -1.402963795263913226e-03
0.000000000000000000e+00 0.000000000000000000e+00 -1.402963795263913226e-03
0.000000000000000000e+00 0.000000000000000000e+00 -1.402963795263913226e-03
0.000000000000000000e+00 0.000000000000000000e+00 -1.402963795263913226e-03
0.000000000000000000e+00 0.000000000000000000e+00 -1.402963795263913226e-03
0.000000000000000000e+00 0.000000000000000000e+00 -1.402963795263913226e-03
0.000000000000000000e+00 0.000000000000000000e+00 -1.402963795263913226e-03
0.000000000000000000e+00 0.000000000000000000e+00 -1.429194891703892967e-03
0.000000000000000000e+00 0.000000000000000000e+00 -1.447393592609976659e-03
0.000000000000000000e+00 0.000000000000000000e+00 -1.465533776792889327e-03
0.000000000000000000e+00 0.000000000000000000e+00 -1.483693466550192264e-03
0.000000000000000000e+00 0.000000000000000000e+00 -1.502126234348958320e-03
0.000000000000000000e+00 0.000000000000000000e+00 -1.520188396234310345e-03
0.000000000000000000e+00 0.000000000000000000e+00 -1.530803329817472880e-03
0.000000000000000000e+00 0.000000000000000000e+00 -1.530803329817472880e-03
0.000000000000000000e+00 0.000000000000000000e+00 -1.530803329817472880e-03
0.000000000000000000e+00 0.000000000000000000e+00 -1.527822878050645941e-03
0.000000000000000000e+00 0.000000000000000000e+00 -1.529519863022595896e-03
0.000000000000000000e+00 0.000000000000000000e+00 -1.530007502382351543e-03
0.000000000000000000e+00 0.000000000000000000e+00 -1.530007502382351543e-03
0.000000000000000000e+00 0.000000000000000000e+00 -1.530007502382351543e-03
0.000000000000000000e+00 0.000000000000000000e+00 -1.530007502382351543e-03
0.000000000000000000e+00 0.000000000000000000e+00 -1.530261074849424393e-03
0.000000000000000000e+00 0.000000000000000000e+00 -1.530261074849424393e-03
0.000000000000000000e+00 0.000000000000000000e+00 -1.530261074849424393e-03
0.000000000000000000e+00 0.000000000000000000e+00 -1.530261074849424393e-03
0.000000000000000000e+00 0.000000000000000000e+00 -1.022045284669452362e-03
0.000000000000000000e+00 0.000000000000000000e+00 -1.529564725843693277e-03
0.000000000000000000e+00 0.000000000000000000e+00 -1.530801379260034005e-03
0.000000000000000000e+00 0.000000000000000000e+00 4.145738187588496326e-03
0.000000000000000000e+00 0.000000000000000000e+00 1.003742814107612923e-02
0.000000000000000000e+00 0.000000000000000000e+00 1.048415494865983094e-01
0.000000000000000000e+00 0.000000000000000000e+00 4.327469985714009204e-01
0.000000000000000000e+00 0.000000000000000000e+00 5.600002423721687217e-01
0.000000000000000000e+00 1.515163474189629850e-02 5.563289499738183208e-01
0.000000000000000000e+00 2.298365861268307497e-02 5.732964902333096413e-01
0.000000000000000000e+00 2.298365861268307497e-02 5.960695760275515065e-01
0.000000000000000000e+00 2.298365861268307497e-02 6.366758126593444755e-01
0.000000000000000000e+00 4.840461312668224714e-02 6.711722792137372329e-01
0.000000000000000000e+00 9.269264915956371143e-02 6.764075753800745661e-01
0.000000000000000000e+00 1.175736422142970583e-01 6.762052791669587171e-01
0.000000000000000000e+00 1.431113818903484991e-01 6.778318880265086221e-01
0.000000000000000000e+00 1.850669104754931460e-01 6.965622952860103245e-01
0.000000000000000000e+00 2.340973040405059657e-01 6.969386124316060416e-01
0.000000000000000000e+00 2.936786535982128798e-01 6.969600217500567796e-01
0.000000000000000000e+00 3.824554836241496059e-01 6.971995814124878343e-01
2.295110831698075546e-02 4.655809082728655790e-01 6.925984504807255471e-01
2.269113247325551738e-02 5.188640150105895410e-01 6.913903532252922979e-01
2.269113247325551738e-02 5.539387786733146468e-01 6.916162433811906540e-01
2.269113247325551738e-02 5.884036340603934212e-01 6.951502789536717630e-01
2.269113247325551738e-02 6.164128094210474806e-01 6.951489681790729014e-01
2.269113247325551738e-02 6.212589636566646645e-01 6.951489681790729014e-01
2.269113247325551738e-02 6.280508233846937571e-01 6.945129304093562439e-01
2.269113247325551738e-02 6.280310716066089816e-01 6.951015306221557388e-01
2.269113247325551738e-02 6.280310716066089816e-01 7.163497486328670449e-01
2.269113247325551738e-02 6.280310716066089816e-01 8.004255153812623869e-01
2.269113247325551738e-02 6.280310716066089816e-01 9.178191750660144033e-01
2.269113247325551738e-02 6.280310716066089816e-01 1.012608277119256162e+00
2.269113247325551738e-02 6.280310716066089816e-01 1.103269937213687379e+00
4.728878599395043569e-02 6.298142355004897608e-01 1.198353401791167006e+00
9.062440904199231539e-02 6.753408855633579178e-01 1.231754310452128465e+00
1.324577928533909321e-01 7.375055457644599244e-01 1.230001867231072188e+00
2.126187086381806091e-01 8.043531084263572106e-01 1.222935169278547063e+00
3.192256684783068565e-01 8.752611928022981935e-01 1.119679586836699103e+00
3.720342221027878593e-01 9.768724175255810716e-01 9.175020924487270468e-01
3.729443795983315435e-01 1.033770410354942326e+00 9.266210264984565681e-01
3.756177050865712741e-01 1.035272877069928876e+00 9.272927672715369773e-01
3.775576403966213190e-01 1.035272877069928876e+00 9.229701447331480901e-01
3.633116149704694875e-01 1.035272877069928876e+00 9.205216802000104614e-01
3.607017171021918434e-01 1.035272877069928876e+00 9.211563447772900259e-01
3.371671406190707709e-01 1.035272877069928876e+00 9.215301027915256959e-01
1.827581480737216768e-01 1.035272877069928876e+00 9.228183445510135252e-01
1.186044838194849765e-01 1.035272877069928876e+00 9.228179700439852473e-01
6.512420329255420859e-02 1.035272877069928876e+00 9.210338185612002571e-01
1.150801000386693015e-02 1.035272877069928876e+00 9.133797687526364895e-01
-7.431034488248827730e-02 1.035272877069928876e+00 8.385365989370573425e-01
-1.568717674948481300e-01 1.035272877069928876e+00 7.588533627056653907e-01
-2.345392432265284155e-01 1.035272877069928876e+00 6.523775815810454182e-01
-3.026122594640256458e-01 1.035272877069928876e+00 5.541175483895898202e-01
-3.453976290448390052e-01 1.035272877069928876e+00 4.976035639705351232e-01
-3.490917441789060938e-01 1.035272877069928876e+00 5.086513964694845402e-01
-3.490917441789060938e-01 1.035272877069928876e+00 5.879987623143362319e-01
-3.251057396980075453e-01 1.035272877069928876e+00 6.458422466838290577e-01
-2.092229232021080298e-01 1.035272877069928876e+00 7.525197622610225734e-01
-3.660959896815191295e-02 1.035272877069928876e+00 8.786657136148058322e-01
1.541106129997756591e-01 1.035272877069928876e+00 9.618141385433111035e-01
3.273706581631961599e-01 1.035272877069928876e+00 1.023288343716422633e+00
4.320301592631928811e-01 1.035272877069928876e+00 1.086597758163842853e+00
4.660739244959119509e-01 1.035272877069928876e+00 1.131122898757525475e+00
4.624075950092180753e-01 1.012234846972053237e+00 1.145599717607520107e+00
4.537703421898367506e-01 9.654819887712761117e-01 1.184283672080926220e+00
4.302409588708412946e-01 8.085461667906506111e-01 1.316605618838279312e+00
3.868540255857972343e-01 5.304841414089142004e-01 1.484513847602356051e+00
2.907839069845876701e-01 2.369226294479619410e-01 1.587518135828219767e+00
1.994825777893284580e-01 1.047438192768221643e-01 1.618969735406919241e+00
1.030191435846277842e-01 9.308448892795072316e-02 1.556080018502538742e+00
-6.344507701767589450e-03 9.308448892795072316e-02 1.497031745023029492e+00
-8.826263473690887373e-02 9.308448892795072316e-02 1.485610653852548424e+00
-1.557583886151223396e-01 9.308448892795072316e-02 1.476689272260243158e+00
-2.363213196629640467e-01 9.308448892795072316e-02 1.477274626745464170e+00
-3.027682097388588733e-01 1.370302532782342875e-01 1.484893223222016223e+00
-3.360723707508448399e-01 2.358944495301096012e-01 1.484106883298278445e+00
-3.374984269355549849e-01 4.536587350209078107e-01 1.426193740621523043e+00
-3.095312629410969518e-01 7.543147971607856439e-01 1.190341448099231814e+00
-6.787711863300427417e-02 1.146417242003295645e+00 8.427694646243321097e-01
1.765600623037348604e-01 1.334456388671065641e+00 6.763074571678444613e-01
3.724041573712089659e-01 1.314717926391761438e+00 7.552405558215667947e-01
4.651157191357014331e-01 1.261206675520654130e+00 7.965280207378234723e-01
4.650598371388279251e-01 1.080280121948195227e+00 9.436497362392355370e-01
4.650598371388279251e-01 8.160841554840835288e-01 1.132887700710515366e+00
4.650598371388279251e-01 5.275823610851637646e-01 1.384737685124696860e+00
4.650598371388279251e-01 2.787051857203058924e-01 1.558012474768527333e+00
4.650598371388279251e-01 1.513977299465982529e-01 1.655499275782235324e+00
4.650598371388279251e-01 1.513097790515983698e-01 1.648518464774865189e+00
4.650598371388279251e-01 1.513097790515983698e-01 1.628858718324655896e+00
4.650598371388279251e-01 1.513097790515983698e-01 1.625693260085852465e+00
4.650598371388279251e-01 1.513097790515983698e-01 1.631833427650382307e+00
4.411092305074183484e-01 1.513097790515983698e-01 1.640532352067882060e+00
3.522161313068905564e-01 1.513097790515983698e-01 1.677223679479420637e+00
2.077451682293537938e-01 1.513097790515983698e-01 1.682141456103604105e+00
9.493027646536285682e-03 1.513097790515983698e-01 1.681377586601563445e+00
-1.243189729984099240e-01 1.513097790515983698e-01 1.682395247033110053e+00
-2.023320160745370744e-01 1.513097790515983698e-01 1.680862639437661565e+00
-2.165196738867979642e-01 1.742095356063763367e-01 1.680592245363234483e+00
-2.098198485674402092e-01 1.753563149647735242e-01 1.680226351996592760e+00
-2.090885667251135283e-01 1.975911578708905159e-01 1.677111202535256806e+00
-1.526284308684749125e-01 1.975623291520904046e-01 1.664606912203278055e+00
-2.699656947361783049e-02 1.979405646059089197e-01 1.663351190137413615e+00
1.638409048060572859e-01 2.001134377393045671e-01 1.675152655612963670e+00
3.745122269180793384e-01 2.207212001844285620e-01 1.717751082381757888e+00
3.573250729630713107e-01 2.301972821681575743e-01 1.793614721431595838e+00
2.123726991324845492e-01 2.324692914731314175e-01 1.793355063225313017e+00
-1.586859801886603485e-02 2.324692914731314175e-01 1.777635005877063579e+00
-1.513318376022562139e-01 2.324692914731314175e-01 1.727613350464809683e+00
4.519843201658134413e-02 2.340850091134734356e-01 1.695769517191812126e+00
2.214379219390416043e-01 2.683171486072974399e-01 1.694014327585881441e+00
4.147536562536126570e-01 2.803498208514843548e-01 1.692492830365605938e+00
5.067687570070312786e-01 3.301745465976315130e-01 1.713043778707474596e+00
5.115763841788786292e-01 4.031715035675852987e-01 1.721127512913166013e+00
5.115763841788786292e-01 5.006550061453181044e-01 1.720226948345798812e+00
4.882101194766505503e-01 6.302444691745919814e-01 1.706971521750741738e+00
4.332534379239026401e-01 7.461197178543937936e-01 1.652636918564996726e+00
3.056665388763137869e-01 8.396512669185217659e-01 1.554289874907301083e+00
1.363963084999954833e-01 8.724333595848158263e-01 1.444326871588736516e+00
-2.945383492192031258e-02 8.724229732565644824e-01 1.299699997074132307e+00
-1.733572228886384736e-01 8.724229732565644824e-01 1.108245637591580124e+00
-1.515961674369511181e-01 8.724229732565644824e-01 9.026616272742603586e-01
-1.112210030286776702e-01 8.724229732565644824e-01 7.986050367167331077e-01
-3.640682144415146454e-02 8.724229732565644824e-01 6.988627047072962784e-01
9.215507752327217750e-02 8.724229732565644824e-01 6.745894685933911950e-01
2.641841430518307998e-01 8.724229732565644824e-01 8.896571828059972598e-01
3.440593793271867762e-01 8.724229732565644824e-01 1.074841358367364164e+00
3.372147446235559953e-01 8.494407807695439905e-01 1.145001255376308924e+00
3.372906003286050280e-01 7.944398463566825219e-01 1.171972252868518138e+00
3.372906003286050280e-01 6.742749997230719217e-01 1.227953813129017080e+00
3.372906003286050280e-01 5.136918898575466574e-01 1.297109407123757885e+00
3.372906003286050280e-01 3.618078625347107558e-01 1.367514356564881739e+00
3.863484688388638122e-01 2.714960974214977729e-01 1.394621300108361162e+00
4.431648801668323645e-01 2.560298115838716693e-01 1.416236347753285107e+00
5.163499228887730164e-01 2.560298115838716693e-01 1.453304054728257411e+00
5.460318297301058887e-01 2.560298115838716693e-01 1.459829839696252129e+00
5.464416014498326701e-01 2.560298115838716693e-01 1.448613479034571050e+00
5.212306094465248840e-01 2.560298115838716693e-01 1.393311898701774965e+00
4.479203981533504964e-01 2.560298115838716693e-01 1.363384043385521105e+00
3.244862105795404128e-01 2.560298115838716693e-01 1.354530322729660563e+00
1.339235412348478427e-01 2.560298115838716693e-01 1.331626097057678315e+00
-2.327881739781322706e-02 2.560298115838716693e-01 1.324470266432419496e+00
-1.629439301312923805e-01 2.560298115838716693e-01 1.324722309662460296e+00
-3.080794628658493628e-01 2.560298115838716693e-01 1.324722309662460296e+00
-4.752164124369778198e-01 2.560298115838716693e-01 1.356095137929542283e+00
-5.841430299725811626e-01 2.883477596581831004e-01 1.454820683357165301e+00
-6.053313171493244216e-01 3.671644115932416463e-01 1.502325401867942389e+00
-6.052138273592336803e-01 5.025001773065795874e-01 1.502553226976820255e+00
-6.052138273592336803e-01 6.695188159462811539e-01 1.407204486587633419e+00
-6.052138273592336803e-01 8.098504943205351303e-01 1.262925778773665186e+00
-6.052138273592336803e-01 8.375178085692592811e-01 1.178957308288875572e+00
-6.052138273592336803e-01 8.145033918330488731e-01 1.100040063766017706e+00
-6.052138273592336803e-01 7.548334921690967869e-01 1.116290173394976826e+00
-6.052138273592336803e-01 4.422695490751112901e-01 1.372671568015820354e+00
-5.693187213087278487e-01 1.041610197617719447e-01 1.539227576736409198e+00
-3.964820077935845011e-01 -1.341184278437473065e-01 1.659598504878247782e+00
-2.211355756531687144e-01 -2.093982908861352077e-01 1.687263463893883042e+00
-6.424249264000980730e-03 -2.094194852098104354e-01 1.701654520634398482e+00
1.799439413638167784e-01 -1.860881412073760455e-01 1.732254491230761140e+00
3.459721503941179943e-01 -1.583926862231333499e-01 1.781123538845607257e+00
4.650496283546493026e-01 -1.040768000664243353e-01 1.852843881805770421e+00
5.128222997088540680e-01 -3.468108464871026697e-02 1.894081225198074092e+00
5.231607798325780267e-01 1.279211770857272834e-01 1.891613723224331522e+00
5.231607798325780267e-01 2.795900209924847557e-01 1.884499213207860846e+00
5.231607798325780267e-01 3.915273643334318820e-01 1.883476434513594588e+00
5.003255938377298984e-01 4.575402035376619492e-01 1.884997557226842035e+00
5.001800076981389731e-01 4.967601330510772462e-01 1.897903693600178299e+00
4.991102158882540496e-01 5.080979643738533502e-01 1.963536175144096285e+00
4.754945017639218841e-01 5.117875521340673473e-01 2.009943837733328742e+00
4.261481241355711824e-01 5.117875521340673473e-01 2.019580902256700394e+00
3.519409601872581228e-01 5.117875521340673473e-01 2.000710866293484269e+00
2.540320620114033257e-01 5.117875521340673473e-01 1.935969212134197592e+00
1.245225492973544984e-01 4.888050045589015791e-01 1.809263123101765069e+00
2.618006907715186848e-02 4.888050045589015791e-01 1.631479643344322383e+00
-5.117479870269742159e-02 4.888050045589015791e-01 1.425417262716196953e+00
-1.163605155548716186e-01 4.869290295010315628e-01 1.233765038687030247e+00
-1.397193677920656185e-01 4.825596254865567314e-01 1.112511147808154410e+00
-1.167225834015724467e-01 4.791583693003620414e-01 1.226536054355578331e+00
-1.167225834015724467e-01 4.695359244217240380e-01 1.439504594256767467e+00
-1.167225834015724467e-01 4.361628763095414252e-01 1.739186741160129612e+00
-9.300953628765017134e-02 4.189921007952373544e-01 1.849409652356329259e+00
-2.780651998489498677e-02 4.189921007952373544e-01 1.935913535422658205e+00
8.368570926935899046e-02 4.189921007952373544e-01 1.996677800105803202e+00
2.598702437530749920e-01 4.189921007952373544e-01 2.004999221438783952e+00
4.574413765944564392e-01 4.189921007952373544e-01 1.998542096092642772e+00
6.556892186688269009e-01 4.189921007952373544e-01 1.976642173434864702e+00
1.060465114506806250e+00 4.189921007952373544e-01 1.931346422212632419e+00
1.148728043214393812e+00 4.419746927564213168e-01 1.921444331548905593e+00
1.163227712541366810e+00 4.419746927564213168e-01 1.933050179520010792e+00
1.140138727294634169e+00 4.419746927564213168e-01 1.960045769640411217e+00
1.110481321535329746e+00 4.419746927564213168e-01 1.996804508317042037e+00
1.042558995829513169e+00 4.419746927564213168e-01 2.038402377141915078e+00
9.236259499721003463e-01 4.419746927564213168e-01 2.059301492184420379e+00
7.732549976225929766e-01 4.419746927564213168e-01 2.060509527022015508e+00
5.755484430397810325e-01 4.419746927564213168e-01 2.053385030151456903e+00
4.477370775698414490e-02 4.419746927564213168e-01 2.029026968195643654e+00
-8.474568084610704932e-02 4.419746927564213168e-01 2.029328571189095154e+00
-1.629379824048578784e-01 4.419746927564213168e-01 2.028939957729403609e+00
-2.263307593426498732e-01 4.419746927564213168e-01 1.986483843631360324e+00
-3.375774118548849345e-01 4.419746927564213168e-01 1.862929356077684284e+00
-4.326873277250664063e-01 4.419746927564213168e-01 1.677397201069195987e+00
-4.842223799092805758e-01 4.419746927564213168e-01 1.516197391867244670e+00
-4.643058409250866991e-01 4.419746927564213168e-01 1.501516591522506827e+00
-3.959568768126390803e-01 4.419746927564213168e-01 1.502212175909721781e+00
-2.939527248635240286e-01 4.419746927564213168e-01 1.506853566347025719e+00
-1.377056851128294623e-01 4.419746927564213168e-01 1.509820910367862368e+00
3.337538383969727851e-02 4.419746927564213168e-01 1.509584346761657647e+00
2.041654358641056266e-01 4.419746927564213168e-01 1.509183998748413025e+00
2.670552526370270630e-01 4.419746927564213168e-01 1.508224012399223435e+00
2.443386660827238099e-01 4.419746927564213168e-01 1.506870419163298891e+00
2.208922624246934530e-01 4.419746927564213168e-01 1.504556465071156035e+00
1.667078532020502823e-01 4.419746927564213168e-01 1.489339370661903361e+00
9.616042741673318239e-02 4.424985365428399375e-01 1.412761421873436118e+00
5.816637314609048037e-02 5.250477862897172665e-01 1.317643377813677574e+00
5.816637314609048037e-02 6.661864024742650825e-01 1.197032765173731805e+00
5.816637314609048037e-02 8.079934720924228930e-01 1.077046081242921449e+00
5.816637314609048037e-02 9.508753491405183000e-01 9.574466999972033321e-01
5.816637314609048037e-02 1.062228772219456552e+00 8.612973884172037131e-01
5.816637314609048037e-02 1.093359793781937928e+00 8.603145571392882829e-01
5.816637314609048037e-02 1.093544084529371130e+00 8.757075450161622143e-01
5.816637314609048037e-02 1.093544084529371130e+00 8.974282036430644149e-01
5.816637314609048037e-02 1.070591541902487176e+00 9.882461580039696436e-01
5.816637314609048037e-02 9.751480207197548156e-01 1.106618404553649793e+00
5.629587421321197160e-02 8.233813944149732666e-01 1.272089840920304082e+00
6.923320563494200774e-02 5.687435131031559621e-01 1.511825771325987722e+00
6.951345895365468319e-02 2.976418145814052063e-01 1.743836870094759961e+00
6.951345895365468319e-02 7.271639433617704817e-02 1.942849031079605160e+00
6.951345895365468319e-02 1.553510635879555591e-06 1.992375962707484627e+00
6.951345895365468319e-02 1.472230265878803415e-02 1.981010423412867150e+00
6.951345895365468319e-02 3.675561917179167443e-02 1.960131282078537929e+00
6.951345895365468319e-02 8.866023489152478898e-02 1.908153701293189064e+00
6.951345895365468319e-02 1.877424774576503252e-01 1.796829989105162007e+00
6.951345895365468319e-02 3.619056893187529989e-01 1.646960141030140434e+00
6.951345895365468319e-02 5.956065970886944561e-01 1.457620497900679268e+00
6.951345895365468319e-02 8.445791801996043180e-01 1.185766220570259710e+00
6.951345895365468319e-02 1.109101472669287158e+00 8.917745831261244538e-01
6.951345895365468319e-02 1.194647799520921483e+00 8.443163659046938330e-01
6.951345895365468319e-02 1.175167663867355161e+00 8.719466830202119434e-01
6.951345895365468319e-02 1.174596149497424191e+00 8.791858414592659265e-01
6.951345895365468319e-02 1.112034589521863959e+00 9.233538896014716890e-01
6.951345895365468319e-02 1.002314838227617022e+00 1.037365938074257476e+00
6.951345895365468319e-02 8.076980387554967278e-01 1.259334755715045606e+00
4.652999036861188431e-02 5.008867455461731844e-01 1.568083093594985877e+00
4.652999036861188431e-02 2.282271421727442295e-01 1.815942705622711983e+00
4.652999036861188431e-02 6.320272849156426120e-02 1.970291907427462741e+00
4.652999036861188431e-02 -1.162079506025109898e-02 2.029959740367444088e+00
4.652999036861188431e-02 -1.151171125162605766e-02 2.033294101276007293e+00
4.652999036861188431e-02 9.036598956972052843e-02 1.995265034759408307e+00
4.652999036861188431e-02 1.862882583444125661e-01 1.917745200794785276e+00
6.948429733971830946e-02 3.312877479332846375e-01 1.805013716687407177e+00
6.951340901938422856e-02 5.469470930914932527e-01 1.648407236187462210e+00
6.951340901938422856e-02 8.042442739098092375e-01 1.432046536459676611e+00
6.951340901938422856e-02 9.863470569637198260e-01 1.292664133533603321e+00
7.026289467741204942e-02 1.035396625288581118e+00 1.286514228786337588e+00
6.607983981196324796e-02 1.012455711798456948e+00 1.309816805100747050e+00
6.169710889553346733e-02 9.239817719604985768e-01 1.394844131790195396e+00
5.791560323994589254e-02 7.551965697977109926e-01 1.563387649309931904e+00
5.816645636987454598e-02 4.941252458545710158e-01 1.764277838205987159e+00
5.816645636987454598e-02 2.287668761536669482e-01 1.946808444218388168e+00
5.816645636987454598e-02 -3.483914048528033436e-03 2.100808730308446837e+00
5.816645636987454598e-02 -1.839267196666677096e-01 2.189429327098684208e+00
5.816645636987454598e-02 -2.560665493362840883e-01 2.236024992216119500e+00
5.816645636987454598e-02 -2.558443529293351615e-01 2.214709799865181683e+00
5.816645636987454598e-02 -2.331042639784119685e-01 2.160054244156189629e+00
1.860433284939318546e-02 -2.328470913891466654e-01 2.127101121065389844e+00
3.432692574893032172e-02 9.759351623659460184e-01 1.452893220518220341e+00
3.432692574893032172e-02 9.531142686689479948e-01 1.448496383170391866e+00
3.432692574893032172e-02 8.619488494613191110e-01 1.469613336467686660e+00
3.432692574893032172e-02 7.554914705024190491e-01 1.623651947110307026e+00
3.432692574893032172e-02 5.774617704056937972e-01 1.761826939377165724e+00
3.432692574893032172e-02 3.929541085014236490e-01 1.859513477472629406e+00
3.432692574893032172e-02 2.279457570105682396e-01 1.891838302605630906e+00
3.432692574893032172e-02 8.953649256569265469e-02 1.890758224336035687e+00
3.432692574893032172e-02 -7.662256020438401941e-03 1.867947875092478505e+00
3.432692574893032172e-02 -7.240145611839222950e-02 1.805366627143734748e+00
3.432692574893032172e-02 -1.046158793535790638e-01 1.678278665778120127e+00
3.432692574893032172e-02 -1.046832240396444597e-01 1.552783732475185197e+00
3.432692574893032172e-02 -1.046832240396444597e-01 1.472183952709885668e+00
3.432692574893032172e-02 -1.046832240396444597e-01 1.423748709069478258e+00
3.432692574893032172e-02 -1.046832240396444597e-01 1.419198698347077903e+00
3.432692574893032172e-02 -8.172714162781130609e-02 1.421059748606338990e+00
3.432692574893032172e-02 -8.125242761525240665e-02 1.426318326626268451e+00
3.432692574893032172e-02 -5.830220970606970338e-02 1.458260780083383112e+00
3.432692574893032172e-02 -3.515684311975918186e-02 1.520629058368704767e+00
3.432692574893032172e-02 -1.178227396258019893e-02 1.591180689729243092e+00
3.432692574893032172e-02 1.815419074577091438e-02 1.651660828413590520e+00
3.432692574893032172e-02 6.028110761769284176e-02 1.702550591117426348e+00
3.432692574893032172e-02 1.004052524484695258e-01 1.742174932738874693e+00
3.432692574893032172e-02 1.525336125375351959e-01 1.796773313708213804e+00
3.432692574893032172e-02 2.054870310288119395e-01 1.841884807472526253e+00
3.432692574893032172e-02 2.518443432286849859e-01 1.864935715063922750e+00
3.432692574893032172e-02 2.937168033808282841e-01 1.869030200404243613e+00
3.432692574893032172e-02 3.315166244359677994e-01 1.872626965903963603e+00
4.949244083094558877e-02 3.785267883840647274e-01 1.878360668507120357e+00
1.172037387616350762e-01 4.170093773636733836e-01 1.877971680540400534e+00
2.657283770099132525e-01 4.438086342550862096e-01 1.877213428643784709e+00
4.473567844946533811e-01 4.564938919313880072e-01 1.876956391986699835e+00
6.333425895759539070e-01 4.652532506867494977e-01 1.866569065049982212e+00
7.205322643642397829e-01 4.652826342307766483e-01 1.847588175006390943e+00
7.208229483972219409e-01 4.652826342307766483e-01 1.848831163833293267e+00
6.715752852732768119e-01 4.652826342307766483e-01 1.860171611157015237e+00
5.775630800184078373e-01 4.670403205502289268e-01 1.866616627442575060e+00
4.171630180918073361e-01 4.885376231854575146e-01 1.879893026431216585e+00
2.054360965992096943e-01 4.885529807477437259e-01 1.864546227754498853e+00
-2.353002284176108558e-02 4.885529807477437259e-01 1.742223743488228616e+00
-1.775829604588080868e-01 4.655142848595953953e-01 1.605768737166640703e+00
-2.211664683218136085e-01 4.422523716860802812e-01 1.525594022878453027e+00
-2.210767197930779693e-01 3.918949693358991238e-01 1.495056095613110925e+00
-2.210767197930779693e-01 2.922284514196193395e-01 1.477586216593003376e+00
-2.210767197930779693e-01 1.653394781217039367e-01 1.552826176605058173e+00
-2.210767197930779693e-01 4.317429235556886208e-02 1.627565420720286093e+00
-2.210767197930779693e-01 -3.895626408192980755e-02 1.633819313585741062e+00
-1.983703420229533665e-01 -4.641024113947529034e-02 1.634262355400210920e+00
-1.968710932942841774e-01 -1.965929981590134809e-02 1.680357054949466855e+00
-1.750528464581873889e-01 3.565136716705166742e-02 1.780407481407512371e+00
-1.611267332579813527e-01 1.337864453949859922e-01 1.843261744979881156e+00
-1.283229913113258791e-01 2.707975058815518254e-01 1.853304899957598062e+00
-7.321148023070341015e-02 4.374010686723555641e-01 1.844130476449843181e+00
6.468093677386732576e-02 6.227165561072831590e-01 1.794861080821752886e+00
2.614100169163315890e-01 8.048274174165003236e-01 1.643375234919649541e+00
4.734048968006094316e-01 9.072397209956790665e-01 1.491946813428551399e+00
5.812624327026186810e-01 9.074130927826432602e-01 1.527001794797804068e+00
6.059345784453671335e-01 8.292552625152520562e-01 1.616347686866167921e+00
5.983437260042960837e-01 6.679083136630739048e-01 1.721535850409680712e+00
5.932400440912682926e-01 4.375848711735892405e-01 1.750009994277779590e+00
5.701167928385099115e-01 1.820229173495325758e-01 1.747608405541016596e+00
5.421409957635182630e-01 -8.864555699014185774e-02 1.746185029162153457e+00
4.613898236126260377e-01 -2.966998406332134741e-01 1.763419592932817137e+00
3.164073782547305314e-01 -4.013301801192738494e-01 1.737483732866808017e+00
1.242392999224155026e-01 -4.049963320618950591e-01 1.707841002234760763e+00
-7.491593661786775937e-02 -3.848341608531595237e-01 1.728845977930596023e+00
-2.795079610410250992e-01 -2.321838976986896896e-01 1.789735203125514929e+00
-2.914118472534976134e-01 4.744182491009589497e-02 1.786963601444798933e+00
-1.703929581478121624e-01 3.945587518302327013e-01 1.699475763579469501e+00
1.819952542838580017e-02 6.769223150046651538e-01 1.602108555143463064e+00
2.369793089194079383e-01 8.375787949582220726e-01 1.569407600118380097e+00
3.935446851924032652e-01 8.218530950374132171e-01 1.558243420769307663e+00
5.279028932416094388e-01 7.644044492666599577e-01 1.540083075624705033e+00
6.607312484026195420e-01 5.904510279204282508e-01 1.549714647378329202e+00
7.093512044576330000e-01 3.361565168451584040e-01 1.596066258748993549e+00
6.631490435842661846e-01 8.918703173521461136e-03 1.633051199670713105e+00
5.789430857092686677e-01 -2.974258183463691085e-01 1.705194485901494472e+00
4.501073416545053885e-01 -4.891518674202537387e-01 1.740926575977900015e+00
2.460776215025091973e-01 -5.413716183207272215e-01 1.802213028294160857e+00
4.438990463201169384e-02 -5.237631522812686846e-01 1.870107032946260128e+00
-1.617248126597859159e-01 -5.007320020162089325e-01 2.035604684804895204e+00
-2.308192954298876054e-01 -4.772260101287879586e-01 2.158112300378817849e+00
-2.098430180689238866e-01 -4.641902804530318449e-01 2.250155891407648046e+00
-1.866465742722065446e-01 -4.263992256364804168e-01 2.284760340821864855e+00
-1.865291066751249560e-01 -3.361096979183695876e-01 2.288318656933347128e+00
-1.849643441836398283e-01 -1.932598342858776741e-01 2.286578946951252966e+00
-1.367736896963471505e-01 6.913015525807805067e-03 2.270384014691128716e+00
-7.382979965679256629e-02 2.003400283620521416e-01 2.187625950921780138e+00
-4.587186873433644896e-03 3.640074560510435653e-01 2.073226038003359584e+00
4.948548332259775778e-02 4.634834913703554937e-01 2.012121346431496871e+00
9.686719708052658750e-02 4.954856773114197921e-01 1.935300092910315017e+00
1.163415847447401008e-01 5.001608566050539384e-01 1.900863172973420889e+00
1.207128085859598271e-01 5.001608566050539384e-01 1.883466822166534937e+00
1.250694738132204498e-01 5.001608566050539384e-01 1.874346951849234832e+00
1.276903128349765049e-01 5.001608566050539384e-01 1.795440568030197248e+00
1.276903128349765049e-01 5.001608566050539384e-01 1.643214072061807807e+00
1.276903128349765049e-01 5.001608566050539384e-01 1.453043273000889757e+00
1.276903128349765049e-01 5.001608566050539384e-01 1.271166930766915337e+00
1.276903128349765049e-01 5.001608566050539384e-01 1.142686926777137790e+00
1.276903128349765049e-01 5.001608566050539384e-01 1.055590323920698070e+00
1.276903128349765049e-01 5.001608566050539384e-01 1.039891613473061360e+00
1.276903128349765049e-01 5.001608566050539384e-01 1.040745114990539788e+00
1.276903128349765049e-01 5.001608566050539384e-01 1.083103607589874784e+00
1.276903128349765049e-01 5.001608566050539384e-01 1.215871592217924180e+00
1.276903128349765049e-01 5.001608566050539384e-01 1.304223792304552321e+00
1.276903128349765049e-01 5.001608566050539384e-01 1.324314970851354412e+00
1.276903128349765049e-01 5.001608566050539384e-01 1.434985293110687010e+00
1.276903128349765049e-01 5.001608566050539384e-01 1.662834869781074643e+00
1.276903128349765049e-01 5.001608566050539384e-01 1.857007026767944602e+00
1.276903128349765049e-01 5.001608566050539384e-01 1.928034406890090535e+00
1.276903128349765049e-01 4.768364479179582616e-01 1.926045275227153519e+00
1.276903128349765049e-01 4.494211130943737142e-01 1.924656728001921557e+00
1.276903128349765049e-01 3.531529218870895215e-01 1.925914946781307924e+00
1.276903128349765049e-01 2.088871553715433704e-01 1.883223142926792493e+00
1.276903128349765049e-01 1.046572110588718796e-01 1.769346790833924876e+00
1.948348290549221651e-01 1.416823296494119644e-01 1.972571781380030531e+00
2.479183318689447690e-01 2.394886961232987055e-01 1.960558844269171708e+00
3.020599085840557918e-01 3.938444920258734605e-01 1.870409634625120665e+00
3.138579785292158753e-01 6.394989983486354390e-01 1.681471837537017011e+00
3.159978062720854020e-01 8.847320150428744645e-01 1.477349652986798878e+00
3.368960752061189168e-01 9.770780135617352924e-01 1.420265668870682951e+00
3.598022788300357933e-01 9.527485278792439116e-01 1.466727135636313406e+00
3.603999587576767749e-01 8.531210918519608333e-01 1.552449921877300687e+00
3.372784829456451638e-01 5.901448087810873266e-01 1.747741105864708322e+00
3.141937809496657685e-01 2.419441306483517684e-01 1.940294643475298564e+00
1.772372597829238172e-01 -1.158707365636424680e-01 2.102344708467149825e+00
3.357327057932084358e-02 -4.154500826748013242e-01 2.262387290951677787e+00
-9.321758465130805527e-02 -6.215471038159805506e-01 2.383184033584684336e+00
-1.980484102331809548e-01 -6.398362294440452791e-01 2.381255322388978524e+00
-2.328643812169775840e-01 -5.978268606188628098e-01 2.362958906357429889e+00
-2.268368043357830988e-01 -5.003510812082911929e-01 2.252374471043252058e+00
-2.213722419020404120e-01 -3.105638799870115707e-01 2.141889155255895627e+00
-2.213722419020404120e-01 -1.250738348261968896e-03 1.978907067106301154e+00
-2.213722419020404120e-01 3.921684315938321341e-01 1.695871258267831472e+00
-1.579223290623616716e-01 8.466401117951803945e-01 1.335603361698143532e+00
-7.875597156688507461e-03 1.000337352346196695e+00 1.250579904914654206e+00
8.800010791081915029e-02 9.773834781387674697e-01 1.268818896535198304e+00
1.715700418867306676e-01 9.446099075879615947e-01 1.289322781827178410e+00
2.579596254080249174e-01 7.461481249060213372e-01 1.442073962142205623e+00
3.218011227964861498e-01 3.947748229666744879e-01 1.661034239989044758e+00
3.960931528115364531e-01 8.696680842987518367e-02 1.842614347163639588e+00
4.416023591692647132e-01 -7.887959547000997218e-02 1.955959398619036671e+00
4.532664721115937101e-01 -1.608117242132886537e-01 1.986634395456733815e+00
4.532664721115937101e-01 -1.514652937886283024e-01 1.978463650784802796e+00
4.260876703788263886e-01 -1.503092599454430855e-01 1.962212043127730565e+00
3.527783468060153860e-01 -1.483638651551583698e-01 1.956182979314927239e+00
2.183079309028805592e-01 -1.461800730612933807e-01 1.922933621164748308e+00
3.098356834930962242e-02 -1.437578836638481461e-01 1.904149347311010487e+00
-1.791346512679427294e-01 -1.345020340057641595e-01 1.897103122409365072e+00
-2.909890926234566244e-01 -1.415400766223727730e-03 1.897466768733837128e+00
-2.525786531163800031e-01 2.139321811615622071e-01 1.833647150878206622e+00
-2.214291225843226796e-01 4.110845097285195648e-01 1.712630572619592284e+00
-1.518727478126604136e-01 5.731597443667979519e-01 1.663170927421129042e+00
-1.108804069182656171e-01 6.681986869939290363e-01 1.614806590444745060e+00
-1.051670164666732160e-01 6.939728044097340787e-01 1.611994916512001774e+00
-1.051670164666732160e-01 6.979013221057461802e-01 1.537901697020578107e+00
-1.051670164666732160e-01 6.745950673000812303e-01 1.506118658721839809e+00
-1.051670164666732160e-01 6.098203760726471634e-01 1.506118159379135513e+00
-1.051670164666732160e-01 5.206622257646292828e-01 1.502172977507427065e+00
-1.051670164666732160e-01 4.108232980116010014e-01 1.466664218455560054e+00
-1.051670164666732160e-01 3.194946936081775601e-01 1.412682900233170669e+00
-1.051670164666732160e-01 2.726865970077904655e-01 1.311591718743500667e+00
-1.051670164666732160e-01 2.676754821356518987e-01 1.242992142850098292e+00
-1.051670164666732160e-01 2.676754821356518987e-01 1.238693676015034217e+00
-1.051670164666732160e-01 2.676754821356518987e-01 1.238693676015034217e+00
-1.051670164666732160e-01 2.676754821356518987e-01 1.238693676015034217e+00
-1.051670164666732160e-01 2.676754821356518987e-01 1.239329713784750764e+00
-1.051670164666732160e-01 2.676754821356518987e-01 1.262925029759608631e+00
-1.051670164666732160e-01 2.915557369282652522e-01 1.377453648260085872e+00
-1.044393742778363110e-01 3.551895299447094256e-01 1.502243634500098457e+00
-4.340089832270161568e-02 4.569630521434235870e-01 1.530152772098180236e+00
3.257002173304823084e-02 5.777327914326275682e-01 1.535732427477032536e+00
1.458828101014894574e-01 7.029873383835432143e-01 1.519768066710660337e+00
2.672791579056754685e-01 8.517179610456344641e-01 1.388456789586992590e+00
3.865807852579550841e-01 9.776762483146035354e-01 1.327229384545525637e+00
4.855543708516054102e-01 1.043441768625601451e+00 1.306972424220866236e+00
5.478184113473855144e-01 1.058491824577857399e+00 1.309612698770327599e+00
5.346661683739383220e-01 1.058589473817826976e+00 1.334360622542593466e+00
4.565511262280611549e-01 1.035504572084765762e+00 1.365679896304629715e+00
3.133250134160637246e-01 1.005743125498876012e+00 1.358452784508319189e+00
1.336056707657378162e-01 9.376840908571015820e-01 1.320049835141808403e+00
-4.514821218453329149e-02 8.359112122556507929e-01 1.250414872150853451e+00
-2.062462192796901406e-01 7.144369780860845287e-01 1.200567487342431461e+00
-3.312991649360866875e-01 5.972972161346948861e-01 1.199463565458701586e+00
-4.032466588924766282e-01 4.601288405032371576e-01 1.198044058985797466e+00
-3.960818234537819560e-01 3.491990819677124880e-01 1.206862950488026831e+00
-3.414010453899661846e-01 2.639842742857748115e-01 1.279110849015377527e+00
-2.651248937837796249e-01 1.837280950094921372e-01 1.414952537660298715e+00
-1.910054366073664911e-01 1.395928134581357893e-01 1.550019870606387462e+00
-1.162811533543872677e-01 1.396794216760860463e-01 1.727029993350406301e+00
-9.339497970139167340e-03 1.651503049122719780e-01 1.838883258476438742e+00
1.372179935648258353e-01 2.279662855439709424e-01 1.867765989512404579e+00
3.034902480195191821e-01 3.163463045674859142e-01 1.867365266992131678e+00
4.606383683250420691e-01 4.150042389929345377e-01 1.858580954972181454e+00
5.543333910940826392e-01 5.026019100602204803e-01 1.858567472719163005e+00
6.091705410999042059e-01 6.406591600915103601e-01 1.854651127888633289e+00
6.163173114292045396e-01 7.723727160202134012e-01 1.782361534245465728e+00
6.163173114292045396e-01 8.375020071467914606e-01 1.756960470215858328e+00
6.163173114292045396e-01 8.375225134871850940e-01 1.755301528916199061e+00
6.163173114292045396e-01 8.135808728314454230e-01 1.768808998741296712e+00
6.163173114292045396e-01 7.297437627674240312e-01 1.798612517724157867e+00
5.932688062310410571e-01 5.777663028763443398e-01 1.897432314087234451e+00
5.700760464738316990e-01 3.525097906768444589e-01 1.984168141839752542e+00
5.247798486172916554e-01 1.174063291188128383e-01 2.045759817384071422e+00
4.501074748125599156e-01 -9.457431395013760067e-02 2.100429229853110424e+00
3.472248569848731536e-01 -2.326220986630531118e-01 2.115487158775338550e+00
2.209096839368243914e-01 -2.792778180630695051e-01 2.107252747908597623e+00
7.454564608791844349e-02 -2.791935734005867031e-01 2.045863680666584639e+00
-6.429885100635564232e-02 -2.562320869910416077e-01 1.967978702349376663e+00
-1.866455755867977573e-01 -2.551301818970122537e-01 1.886455138580956037e+00
-2.590400589391484432e-01 -1.876557222110148693e-01 1.796507663389478315e+00
-2.910935551172149638e-01 -7.780143689570047372e-02 1.680959886429341354e+00
-2.990298195516692403e-01 9.796885952521054708e-02 1.581935484393141245e+00
-2.808668167942289240e-01 2.931531675291220718e-01 1.521779419123942878e+00
-2.797619600299913745e-01 5.126262703333697157e-01 1.516179041022858387e+00
-2.008429539370374384e-01 7.161853433417215697e-01 1.489467077558551233e+00
-9.501324875755534638e-02 8.429633515942169808e-01 1.436144017856223698e+00
3.667032719000123953e-02 9.290078671137688149e-01 1.416178049492547553e+00
1.909337863041559169e-01 9.563741553872775469e-01 1.429193417082468942e+00
3.288978478903020752e-01 9.655621499200873759e-01 1.471842277464406878e+00
4.578807094022832036e-01 9.655621499200873759e-01 1.498967197345244529e+00
5.465099115317931799e-01 9.136528792166989099e-01 1.562459121551118990e+00
5.579824988057273671e-01 7.518303341798507899e-01 1.687035638785005176e+00
5.579824988057273671e-01 5.810566827891555652e-01 1.744430588570279772e+00
5.579824988057273671e-01 4.023943043894638860e-01 1.762606413338718037e+00
5.579824988057273671e-01 2.439932111770768686e-01 1.759432840780968510e+00
5.579824988057273671e-01 1.146249680623522421e-01 1.755834452417459168e+00
5.141406976064978318e-01 3.083170861015463449e-02 1.748763260380594486e+00
4.265446244358658268e-01 1.170822848319882405e-02 1.718958617876648498e+00
2.859005794587547999e-01 1.173927650290733024e-02 1.614376781211941392e+00
1.432260849840445716e-01 1.173927650290733024e-02 1.547509674831419657e+00
8.699139681018573655e-02 1.173927650290733024e-02 1.541656379650561570e+00
8.121504479182203862e-02 1.173927650290733024e-02 1.541271261589800767e+00
8.121504479182203862e-02 1.173927650290733024e-02 1.541268015862222285e+00
8.121504479182203862e-02 1.173927650290733024e-02 1.541268015862222285e+00
8.121504479182203862e-02 1.173927650290733024e-02 1.541268015862222285e+00
8.121504479182203862e-02 1.173927650290733024e-02 1.541268015862222285e+00
8.121504479182203862e-02 1.173927650290733024e-02 1.540628607529251015e+00
8.121504479182203862e-02 1.173927650290733024e-02 1.537818181953269026e+00
8.121504479182203862e-02 1.173927650290733024e-02 1.537818181953269026e+00
8.121504479182203862e-02 1.173927650290733024e-02 1.537308228216410777e+00
8.121504479182203862e-02 1.173927650290733024e-02 1.537308727559115296e+00
8.121504479182203862e-02 1.173927650290733024e-02 1.537308727559115296e+00
8.121504479182203862e-02 1.173927650290733024e-02 1.537308727559115296e+00
8.121504479182203862e-02 1.173927650290733024e-02 1.537308727559115296e+00
8.121504479182203862e-02 1.173927650290733024e-02 1.537308727559115296e+00
8.121504479182203862e-02 1.173927650290733024e-02 1.537308727559115296e+00
8.121504479182203862e-02 1.173927650290733024e-02 1.537308727559115296e+00
8.121504479182203862e-02 1.173927650290733024e-02 1.537308727559115296e+00
8.121504479182203862e-02 1.173927650290733024e-02 1.537308727559115296e+00
8.121504479182203862e-02 1.173927650290733024e-02 1.537308727559115296e+00
8.121504479182203862e-02 1.173927650290733024e-02 1.537308727559115296e+00
8.121504479182203862e-02 1.173927650290733024e-02 1.537308727559115296e+00
8.121504479182203862e-02 1.173927650290733024e-02 1.537308727559115296e+00
8.121504479182203862e-02 1.173927650290733024e-02 1.537308727559115296e+00
8.121504479182203862e-02 1.173927650290733024e-02 1.537308727559115296e+00
8.121504479182203862e-02 1.173927650290733024e-02 1.537308727559115296e+00
8.121504479182203862e-02 2.891991126149695210e-02 1.565062819247484027e+00
8.121504479182203862e-02 3.534325052543404316e-02 1.901052049351356521e+00
9.256151474338417118e-02 4.993330643015363168e-02 2.122604290341007172e+00
9.256151474338417118e-02 5.332000400238922494e-02 2.146552267100840350e+00
9.256151474338417118e-02 8.313941317975417911e-02 2.138786739033521567e+00
9.256151474338417118e-02 2.000065784005651548e-01 2.067490088358033606e+00
9.256151474338417118e-02 4.271210893205770742e-01 2.002620352795070779e+00
9.256151474338417118e-02 7.279111528493040773e-01 1.905398827593070221e+00
9.256151474338417118e-02 9.646283568698693633e-01 1.788176754545114155e+00
9.256151474338417118e-02 1.163383442359863462e+00 1.632527638845160389e+00
9.256151474338417118e-02 1.283600842038985057e+00 1.470839846985344090e+00
9.256151474338417118e-02 1.423419018569053396e+00 1.323081719207187534e+00
9.256151474338417118e-02 1.500589437476279597e+00 1.270778941485604552e+00
9.256151474338417118e-02 1.500811367567119525e+00 1.270778941485604552e+00
9.256151474338417118e-02 1.500811367567119525e+00 1.270778941485604552e+00
9.256151474338417118e-02 1.500811367567119525e+00 1.270778941485604552e+00
9.256151474338417118e-02 1.500811367567119525e+00 1.270778941485604552e+00
9.256151474338417118e-02 1.500811367567119525e+00 1.270778941485604552e+00
