1.108542806317786879e-02 -1.952984799391441580e-05 -6.263761710817404571e-02
1.108542806317786879e-02 -1.952984799391441580e-05 -6.263761710817404571e-02
1.108542806317786879e-02 -9.409835851613308755e-05 -6.263723089780111331e-02
1.108542806317786879e-02 -1.077692521118731733e-02 -5.998334145741537199e-02
1.108542806317786879e-02 -1.077692521118731733e-02 -5.510856487197512282e-02
1.108542806317786879e-02 -1.077692521118731733e-02 -5.445850064371452609e-02
1.108542806317786879e-02 -1.077692521118731733e-02 -5.419085880583388026e-02
1.108542806317786879e-02 -1.077692521118731733e-02 -5.382043819537624119e-02
1.108542806317786879e-02 -1.077692521118731733e-02 -5.381897527729697511e-02
1.108542806317786879e-02 -1.077692521118731733e-02 -5.382087512024258391e-02
1.108542806317786879e-02 -1.077692521118731733e-02 -5.381928736648722289e-02
1.108542806317786879e-02 -1.077692521118731733e-02 -5.382114819828404811e-02
1.108542806317786879e-02 -1.077692521118731733e-02 -5.381981401699575257e-02
1.108542806317786879e-02 -1.077692521118731733e-02 -5.382140177075112053e-02
1.108542806317786879e-02 -1.077692521118731733e-02 -5.382062935000526266e-02
1.108542806317786879e-02 -1.077692521118731733e-02 -5.381983742368501994e-02
1.108542806317786879e-02 -1.077692521118731733e-02 -5.382150319973794811e-02
1.108542806317786879e-02 -1.077692521118731733e-02 -5.413502019802696880e-02
1.108542806317786879e-02 -1.077692521118731733e-02 -5.420149324499143328e-02
1.108542806317786879e-02 -1.077692521118731733e-02 -5.421362961337703595e-02
1.108542806317786879e-02 -1.077692521118731733e-02 -5.423461761142091969e-02
1.108542806317786879e-02 -1.077692521118731733e-02 -5.425533253142334617e-02
1.108542806317786879e-02 -1.077692521118731733e-02 -5.653672986935120992e-02
1.108542806317786879e-02 -1.077692521118731733e-02 -6.440986628946608616e-02
1.108542806317786879e-02 -1.077692521118731733e-02 -6.481180985869577915e-02
1.108542806317786879e-02 -1.077692521118731733e-02 -6.480152261876237496e-02
1.108542806317786879e-02 -1.077692521118731733e-02 -6.454219990835916021e-02
1.108542806317786879e-02 -1.077692521118731733e-02 -6.390286179545574818e-02
1.108542806317786879e-02 -1.077692521118731733e-02 -6.064966358193021878e-02
1.108542806317786879e-02 -1.077692521118731733e-02 -5.409922161734858487e-02
1.108542806317786879e-02 -1.077692521118731733e-02 -5.433017737091608984e-02
1.108542806317786879e-02 -1.077692521118731733e-02 -5.433007984304413784e-02
1.108542806317786879e-02 -1.077692521118731733e-02 -5.466387873758412480e-02
1.108542806317786879e-02 -1.077692521118731733e-02 -5.471026299348408922e-02
1.108542806317786879e-02 -1.077692521118731733e-02 -5.471187415392872455e-02
1.108542806317786879e-02 -1.077692521118731733e-02 -5.471771412290115516e-02
1.108542806317786879e-02 -1.077692521118731733e-02 -5.510103181914561415e-02
1.108542806317786879e-02 -1.077692521118731733e-02 -5.631587215164552546e-02
1.108542806317786879e-02 -1.077692521118731733e-02 -5.777872001084488618e-02
1.108542806317786879e-02 -1.077692521118731733e-02 -5.719578226629082329e-02
1.108542806317786879e-02 -1.077692521118731733e-02 -5.548196203308470437e-02
1.108542806317786879e-02 -1.077692521118731733e-02 -5.554393709459478495e-02
1.108542806317786879e-02 -1.077692521118731733e-02 -5.726801335881528260e-02
1.108542806317786879e-02 -1.077692521118731733e-02 -5.733309175721083145e-02
1.108542806317786879e-02 -1.077692521118731733e-02 -5.637709429798413302e-02
1.108542806317786879e-02 -1.077692521118731733e-02 -5.637552800036060852e-02
1.108542806317786879e-02 -1.077692521118731733e-02 -5.637798960384865499e-02
1.108542806317786879e-02 -1.077692521118731733e-02 -5.659928814753555776e-02
1.108542806317786879e-02 -1.077692521118731733e-02 -5.688484780605106844e-02
1.108542806317786879e-02 -1.077692521118731733e-02 -5.688461373915838087e-02
1.108542806317786879e-02 -1.077692521118731733e-02 -5.688614297619057347e-02
1.108542806317786879e-02 -1.077692521118731733e-02 -5.688375939500008721e-02
1.108542806317786879e-02 -1.077692521118731733e-02 -5.705102749762605563e-02
1.108542806317786879e-02 -1.077692521118731733e-02 -5.718441051642132039e-02
1.108542806317786879e-02 -1.077692521118731733e-02 -5.739562272759102940e-02
1.108542806317786879e-02 -1.077692521118731733e-02 -5.742124525011003261e-02
1.108542806317786879e-02 -1.077692521118731733e-02 -5.765122767551546928e-02
1.108542806317786879e-02 -1.077692521118731733e-02 -5.765077514618961035e-02
1.108542806317786879e-02 -1.077692521118731733e-02 -5.765220685534985789e-02
1.108542806317786879e-02 -1.077692521118731733e-02 -5.765341229984716903e-02
1.108542806317786879e-02 -1.077692521118731733e-02 -5.765348251991497808e-02
1.108542806317786879e-02 -1.077692521118731733e-02 -5.765160608365863665e-02
1.108542806317786879e-02 -1.077692521118731733e-02 -5.765159828142888548e-02
1.108542806317786879e-02 -1.077692521118731733e-02 -5.765304949616351787e-02
1.108542806317786879e-02 -1.077692521118731733e-02 -5.765132520338742128e-02
1.108542806317786879e-02 -1.077692521118731733e-02 -5.764623034735669171e-02
1.108542806317786879e-02 -1.077692521118731733e-02 -5.724273023329066318e-02
1.108542806317786879e-02 -1.077692521118731733e-02 -5.666441335930965523e-02
1.108542806317786879e-02 -1.077692521118731733e-02 -5.606786462494608991e-02
1.108542806317786879e-02 -1.077692521118731733e-02 -5.573681016472280952e-02
1.108542806317786879e-02 -1.077692521118731733e-02 -5.541904095121671231e-02
1.108542806317786879e-02 -1.077692521118731733e-02 -5.470937744040677009e-02
1.108542806317786879e-02 -1.077692521118731733e-02 -5.324650812507558673e-02
1.108542806317786879e-02 7.775986522849696186e-03 -4.970974957440954523e-02
1.108542806317786879e-02 1.221387816335773799e-02 -3.345309680052122731e-02
1.108542806317786879e-02 1.260252213843663337e-02 -2.615948452753227849e-02
1.108542806317786879e-02 1.330382122549083300e-02 -2.643737142454171199e-02
1.108542806317786879e-02 3.532789712433712093e-02 -2.812438673169125047e-02
1.108542806317786879e-02 3.529700445569220607e-02 -2.939976870980323675e-02
1.108542806317786879e-02 3.615072512913527353e-02 -3.231219381066555152e-02
1.108542806317786879e-02 4.425232748126532722e-02 -3.221264906232245567e-02
1.108542806317786879e-02 5.987105709828936806e-02 -3.221452013454584318e-02
1.108542806317786879e-02 8.194750849857389274e-02 -3.570235187769015689e-02
1.108542806317786879e-02 9.557241817949194140e-02 -4.094944111430389583e-02
1.108542806317786879e-02 1.134505736653392133e-01 -5.972397193363362250e-02
1.108542806317786879e-02 1.344287374320750350e-01 -7.165772031358315364e-02
1.108542806317786879e-02 1.428569321058851538e-01 -7.337037606399816891e-02
1.108542806317786879e-02 1.564146413552968684e-01 -7.324742852750168454e-02
1.108542806317786879e-02 1.644997321086684450e-01 -7.324746363753557865e-02
1.108542806317786879e-02 1.705211393333375958e-01 -7.324765479216460706e-02
1.108542806317786879e-02 1.775285375655903941e-01 -7.341318689866983827e-02
1.108542806317786879e-02 1.866978011987332209e-01 -7.363047899737699964e-02
1.108542806317786879e-02 1.885772827520384720e-01 -7.471040902460689137e-02
1.108542806317786879e-02 2.085035866602293619e-01 -7.969034991437205784e-02
1.108542806317786879e-02 2.100612695818167008e-01 -8.928445926182194958e-02
1.108542806317786879e-02 2.116894375002548179e-01 -1.005352121522678638e-01
1.108542806317786879e-02 2.332952195638860193e-01 -1.012386143736985350e-01
1.108542806317786879e-02 2.493490209309926486e-01 -1.011850598686527269e-01
1.108542806317786879e-02 2.644443506217797890e-01 -1.031591488326199929e-01
1.108542806317786879e-02 2.832136885804039106e-01 -1.141494476893480520e-01
1.108542806317786879e-02 2.940901272443238179e-01 -1.233380166396507022e-01
1.108542806317786879e-02 3.062559797360238090e-01 -1.264079599817800326e-01
1.108542806317786879e-02 3.142254892980859693e-01 -1.262982138180308300e-01
1.108542806317786879e-02 3.203100134405899579e-01 -1.262977144753264502e-01
1.108542806317786879e-02 3.314781570159099355e-01 -1.262972775504601075e-01
1.108542806317786879e-02 3.380511936743708645e-01 -1.258831507994662979e-01
1.108542806317786879e-02 3.389919109434231803e-01 -1.238793821535068562e-01
1.108542806317786879e-02 3.409136479860243596e-01 -1.122344528135534314e-01
1.108542806317786879e-02 3.423877076493831995e-01 -1.012372489834912209e-01
1.108542806317786879e-02 3.443203636524536648e-01 -8.998333618999408701e-02
1.108542806317786879e-02 3.462821368834423930e-01 -9.012331599404811711e-02
1.108542806317786879e-02 3.477234396653933191e-01 -9.012333940073739835e-02
1.108542806317786879e-02 3.496524560149740224e-01 -9.012370610553592509e-02
1.108542806317786879e-02 3.515338017810423765e-01 -9.010527723885203288e-02
1.108542806317786879e-02 3.743182101711062248e-01 -9.008460132999840386e-02
1.108542806317786879e-02 3.957673095906044658e-01 -9.015369787671834167e-02
1.108542806317786879e-02 4.231288041741512185e-01 -9.285367508827331584e-02
1.108542806317786879e-02 4.474225147259993651e-01 -9.745869933268390406e-02
1.108542806317786879e-02 4.650315133976759552e-01 -1.005979732884258598e-01
1.108542806317786879e-02 4.727545030148330163e-01 -1.004765081755830264e-01
1.108542806317786879e-02 4.817678829521698791e-01 -1.003288275707597266e-01
1.108542806317786879e-02 4.893284197428321991e-01 -9.993992542856734718e-02
1.108542806317786879e-02 4.905382050540189054e-01 -9.865101267732055701e-02
1.108542806317786879e-02 4.924237231057949638e-01 -9.135561576618472790e-02
1.108542806317786879e-02 4.943092411575710776e-01 -8.769169257383903349e-02
1.108542806317786879e-02 4.961947592093471915e-01 -8.638648096463175108e-02
1.108542806317786879e-02 5.123422150747882764e-01 -8.370825246852187096e-02
1.108542806317786879e-02 5.139117046772082587e-01 -7.953843269879119771e-02
1.108542806317786879e-02 5.253586812186595845e-01 -7.467607141145032879e-02
1.108542806317786879e-02 5.356301384549497779e-01 -6.544874878594918177e-02
1.108542806317786879e-02 5.358479850321182791e-01 -5.965387280039002177e-02
1.177091740538585909e-02 5.358479850321182791e-01 -5.428069758036039444e-02
1.273832731611395340e-02 5.358479850321182791e-01 -3.590421799289079258e-02
1.369482658875113314e-02 5.358479850321182791e-01 -8.510894581492676678e-03
1.466587337884286968e-02 5.358479850321182791e-01 -1.542338926511854086e-03
1.563328328957096572e-02 5.358479850321182791e-01 1.031971671476639716e-03
1.660978539870815868e-02 5.358479850321182791e-01 1.433117657769512020e-02
1.756446623166351903e-02 5.358479850321182791e-01 3.885252359784393400e-02
1.832457401866416369e-02 5.368258977843954893e-01 5.220507625001968854e-02
1.928834705002862096e-02 5.377651059288299784e-01 5.777664851884464076e-02
2.026848603852945616e-02 5.387185175990784058e-01 6.787132942187097673e-02
2.121407467307571612e-02 5.396488485398793777e-01 8.956145792373758352e-02
2.218512146316745440e-02 5.405916075657675179e-01 1.084975085529204658e-01
2.272162358714232069e-02 5.415521209989226925e-01 1.126371375946099568e-01
2.272162358714232069e-02 5.425037572284442389e-01 1.147568473747448969e-01
2.272162358714232069e-02 5.434323127285186628e-01 1.169279894534320102e-01
2.272162358714232069e-02 5.441478153413866758e-01 1.186674029507955308e-01
2.272162358714232069e-02 5.450941252487281341e-01 1.188801697562441445e-01
2.272162358714232069e-02 5.460404351560695924e-01 1.181165967389344873e-01
2.365574814543363116e-02 5.469920713855912497e-01 1.181177514689383951e-01
2.462605424384718689e-02 5.474909702297993119e-01 1.175185870370490937e-01
2.558727507916698507e-02 5.474909702297993119e-01 1.147905842162102452e-01
4.613629817749791140e-02 5.474909702297993119e-01 1.127533908179757099e-01
4.599251521989498881e-02 5.474909702297993119e-01 1.123635914193613777e-01
4.599251521989498881e-02 5.474909702297993119e-01 1.123005962163107080e-01
4.683117238842229163e-02 5.474909702297993119e-01 1.087455882502451621e-01
4.781205900391664182e-02 5.474909702297993119e-01 9.478943559856378709e-02
5.592876924698061969e-02 5.474909702297993119e-01 9.503270912235871337e-02
6.935634423937607485e-02 5.474909702297993119e-01 9.964626120389269426e-02
6.982036122155647895e-02 5.474909702297993119e-01 1.044627882925314166e-01
7.079396853007129120e-02 5.474909702297993119e-01 1.075162689298753832e-01
9.277315351979292801e-02 5.474909702297993119e-01 1.249848839887623408e-01
9.268401529880707090e-02 5.474909702297993119e-01 1.699018057474173116e-01
9.253506691833984776e-02 5.474909702297993119e-01 2.141692542967157109e-01
9.253506691833984776e-02 5.474909702297993119e-01 2.301057611028584915e-01
9.253506691833984776e-02 5.474909702297993119e-01 2.301393575041882078e-01
9.253506691833984776e-02 5.474909702297993119e-01 2.617792873047402602e-01
9.253506691833984776e-02 5.474909702297993119e-01 2.980202388058381113e-01
9.253506691833984776e-02 5.474909702297993119e-01 3.128085226676958763e-01
9.253506691833984776e-02 5.474909702297993119e-01 3.255648250207962557e-01
9.253506691833984776e-02 5.485807357478598156e-01 3.542458840220267802e-01
9.253506691833984776e-02 5.495288210959279329e-01 4.072347898283603107e-01
9.253506691833984776e-02 5.504733555625428432e-01 4.437791544402129862e-01
9.253506691833984776e-02 5.514178900291576424e-01 4.733801587475246486e-01
9.253506691833984776e-02 5.523677508179525297e-01 4.969373686322537953e-01
9.253506691833984776e-02 5.533140607252939880e-01 5.192055253256003811e-01
9.253506691833984776e-02 5.542585951919087872e-01 5.475776160284896443e-01
9.253506691833984776e-02 5.549776486862301184e-01 5.701529621117932267e-01
9.253506691833984776e-02 5.559150813899380594e-01 5.976213049375748154e-01
9.253506691833984776e-02 5.568631667380062877e-01 6.155817881647452916e-01
9.253506691833984776e-02 5.578112520860744050e-01 6.368692669955893226e-01
9.253506691833984776e-02 5.587593374341426333e-01 6.628204194319203824e-01
9.253506691833984776e-02 5.591339554274805668e-01 6.785370437990770887e-01
9.253506691833984776e-02 5.591339554274805668e-01 6.777201815525333295e-01
9.253506691833984776e-02 5.591339554274805668e-01 6.728093957262112346e-01
9.253506691833984776e-02 5.591339554274805668e-01 6.661993466768504346e-01
9.253506691833984776e-02 5.591339554274805668e-01 6.634095814052624052e-01
9.253506691833984776e-02 5.591339554274805668e-01 6.634477187043101853e-01
9.253506691833984776e-02 5.591339554274805668e-01 6.634456589156545459e-01
9.253506691833984776e-02 5.591339554274805668e-01 6.634292430242477723e-01
9.253506691833984776e-02 5.591339554274805668e-01 6.623781266315070804e-01
9.253506691833984776e-02 5.591339554274805668e-01 6.603580357208979068e-01
9.253506691833984776e-02 5.591339554274805668e-01 6.573538027577744414e-01
9.253506691833984776e-02 5.591339554274805668e-01 6.552651770609877468e-01
9.253506691833984776e-02 5.591339554274805668e-01 6.552639911220647928e-01
9.253506691833984776e-02 5.591339554274805668e-01 6.552644280469311910e-01
9.253506691833984776e-02 5.591339554274805668e-01 6.555193424975221950e-01
9.347381455783596027e-02 5.591339554274805668e-01 6.555169706196762869e-01
1.158680365586896438e-01 5.591339554274805668e-01 6.555169706196762869e-01
1.207524515419676342e-01 5.591339554274805668e-01 6.555169706196762869e-01
1.515232805670156668e-01 5.591339554274805668e-01 6.555169706196762869e-01
1.783095434516098754e-01 5.591339554274805668e-01 6.555169706196762869e-01
2.044631613227512190e-01 5.591339554274805668e-01 6.555169706196762869e-01
2.272929988024100234e-01 5.591339554274805668e-01 6.555169706196762869e-01
2.517325618099582329e-01 5.591339554274805668e-01 6.555169706196762869e-01
2.834264646618367967e-01 5.591339554274805668e-01 6.555169706196762869e-01
3.224690054536436534e-01 5.591339554274805668e-01 6.555169706196762869e-01
3.642973237107188789e-01 5.591339554274805668e-01 6.552651770609877468e-01
4.036003216571355523e-01 5.591339554274805668e-01 6.552644280469311910e-01
4.416495255553519739e-01 5.591339554274805668e-01 6.550711824203322431e-01
4.755223602321060894e-01 5.591339554274805668e-01 6.493716223745883420e-01
5.031419595112996968e-01 5.591339554274805668e-01 6.356423819709033918e-01
5.282830435359929799e-01 5.591339554274805668e-01 6.357076710295023192e-01
5.471008954124747525e-01 5.591339554274805668e-01 6.359969777088582132e-01
5.680907327019886210e-01 5.591339554274805668e-01 6.368372466446702296e-01
5.831367495265911138e-01 5.591339554274805668e-01 6.371105743574857483e-01
5.998088481267779271e-01 5.591339554274805668e-01 6.371908436972163470e-01
6.124885575508086655e-01 5.591339554274805668e-01 6.374383304250795801e-01
6.339779594748033986e-01 5.591339554274805668e-01 6.374926963620199949e-01
6.511217482900613085e-01 5.591339554274805668e-01 6.376294538451847682e-01
6.594751969092765842e-01 5.591339554274805668e-01 6.377483598266676657e-01
6.743980869194809991e-01 5.591339554274805668e-01 6.377483598266676657e-01
6.743112678679443750e-01 5.591339554274805668e-01 6.377483598266676657e-01
6.743112678679443750e-01 5.591339554274805668e-01 6.377483598266676657e-01
6.743112678679443750e-01 5.591339554274805668e-01 6.377483598266676657e-01
6.743112678679443750e-01 5.591339554274805668e-01 6.377483598266676657e-01
6.515721332164119417e-01 5.591339554274805668e-01 6.377483598266676657e-01
6.515034236602879059e-01 5.591339554274805668e-01 6.377483598266676657e-01
6.384746182033659290e-01 5.591339554274805668e-01 6.377483598266676657e-01
6.159611864542174908e-01 5.591339554274805668e-01 6.380057709907805963e-01
5.903217806035523374e-01 5.591339554274805668e-01 6.381709910080956005e-01
5.590636374850379564e-01 5.591339554274805668e-01 6.382622458873228322e-01
5.228707900246613027e-01 5.591339554274805668e-01 6.382596867559627851e-01
4.829407729925944692e-01 5.591339554274805668e-01 6.382596867559627851e-01
4.495521453880349516e-01 5.591339554274805668e-01 6.382596867559627851e-01
3.996293265417365514e-01 5.591339554274805668e-01 6.380445948860469230e-01
3.533802718401752307e-01 5.591339554274805668e-01 6.380071441832176893e-01
3.036710828993193778e-01 5.591339554274805668e-01 6.380071441832176893e-01
2.421984451074745692e-01 5.591339554274805668e-01 6.377866219613915755e-01
1.755783607886881870e-01 5.591339554274805668e-01 6.349035420219205639e-01
1.174756315577068916e-01 5.591339554274805668e-01 6.328944366508079122e-01
7.104075479108530600e-02 5.591339554274805668e-01 6.332764962375042606e-01
2.618923270930895511e-02 5.591339554274805668e-01 6.332764338196662512e-01
-1.591690873198422021e-02 5.591339554274805668e-01 6.335529448422221321e-01
-4.839633314039076123e-02 5.591339554274805668e-01 6.339155924812852616e-01
-6.943610470034376758e-02 5.591339554274805668e-01 6.339134078569536035e-01
-8.464411384650261105e-02 5.591339554274805668e-01 6.339134078569536035e-01
-9.258402903095122594e-02 5.591339554274805668e-01 6.339134078569536035e-01
-9.684827147188156127e-02 5.591339554274805668e-01 6.339134078569536035e-01
-1.004834863598397104e-01 5.591339554274805668e-01 6.339134078569536035e-01
-1.049310430558038493e-01 5.591339554274805668e-01 6.346697872184280387e-01
-1.047355226457738625e-01 5.591339554274805668e-01 6.348693994645079330e-01
-1.047355226457738625e-01 5.591339554274805668e-01 6.355772801658186033e-01
-1.047355226457738625e-01 5.591339554274805668e-01 6.355752203771629638e-01
-1.047355226457738625e-01 5.591339554274805668e-01 6.351758086314891472e-01
-1.055960121869875395e-01 5.591339554274805668e-01 6.340456712557788199e-01
-1.267757328622242108e-01 5.591339554274805668e-01 6.340443604811797362e-01
-1.280799827165768900e-01 5.591339554274805668e-01 6.340443604811797362e-01
-1.285713359376965126e-01 5.591339554274805668e-01 6.340443604811797362e-01
-1.295613216869153095e-01 5.591339554274805668e-01 6.272953069064844955e-01
-1.305221902082158714e-01 5.591339554274805668e-01 5.962193378771621921e-01
-1.314976173434755646e-01 5.591339554274805668e-01 5.905192160708759852e-01
-1.324766841322250477e-01 5.591339554274805668e-01 6.007591120741225810e-01
-1.334411923070154271e-01 5.591339554274805668e-01 6.206609149002847436e-01
-1.344020608283159890e-01 5.591339554274805668e-01 6.222716696289704030e-01
-1.353647491763614596e-01 5.591339554274805668e-01 6.215069886950354006e-01
-1.363365366581313909e-01 5.591339554274805668e-01 6.213887068919329293e-01
-1.373137836201359652e-01 5.591339554274805668e-01 6.212242358886745919e-01
-1.427348033700558405e-01 5.591339554274805668e-01 6.210067721409128216e-01
-1.513132003293464201e-01 5.591339554274805668e-01 6.210054613663137379e-01
-1.513012161044410553e-01 5.591339554274805668e-01 6.210054613663137379e-01
-1.513012161044410553e-01 5.591339554274805668e-01 6.210054613663137379e-01
-1.513012161044410553e-01 5.591339554274805668e-01 6.210054613663137379e-01
-1.513012161044410553e-01 5.591339554274805668e-01 6.210054613663137379e-01
-1.513012161044410553e-01 5.591339554274805668e-01 6.232269746403061861e-01
-1.513012161044410553e-01 5.591339554274805668e-01 6.673016456967911791e-01
-1.513012161044410553e-01 5.591339554274805668e-01 7.424017897516167475e-01
-1.513012161044410553e-01 5.591339554274805668e-01 7.977303345904500631e-01
-1.513012161044410553e-01 5.591339554274805668e-01 8.183559346666253731e-01
-1.513012161044410553e-01 5.591339554274805668e-01 8.349994015109675205e-01
-1.513012161044410553e-01 5.591339554274805668e-01 8.673847095290381226e-01
-1.285451925729955702e-01 5.594957902475860001e-01 8.855659646493868609e-01
-1.284991531756508321e-01 5.602166191826339903e-01 8.933887298741964855e-01
-1.283044317139478696e-01 5.822636870388913088e-01 9.015101020362311646e-01
-1.271090940516748924e-01 5.998959439840879648e-01 9.009548329489497354e-01
-1.134566095569699562e-01 6.312466763365007782e-01 8.992229251966114001e-01
-1.050422855138373607e-01 6.636447411736053903e-01 8.946154276453682774e-01
-1.045448957942469032e-01 6.793437207114771947e-01 8.890868300580397898e-01
-8.634388750875021667e-02 6.880300644669522514e-01 8.894926708410326732e-01
-8.147530723745366465e-02 6.928381354989812113e-01 8.915217499203208495e-01
-6.118079911555025091e-02 7.047454838208709882e-01 8.952210055101169628e-01
-4.982443663018893548e-02 7.146542185166923078e-01 8.975663557747980414e-01
-3.032934566262619758e-02 7.449613468099394176e-01 8.977589772230164522e-01
-1.046713863232756267e-02 7.685289021045593749e-01 8.973801009460607991e-01
1.955443568069343413e-02 7.859143727887419884e-01 8.973777290682147800e-01
5.083946840383919696e-02 8.074893509557645732e-01 8.973777290682147800e-01
9.247791437169629314e-02 8.304154395158207524e-01 8.977577912840936092e-01
1.346578031821755728e-01 8.549804374107116134e-01 8.972366023363865795e-01
1.826236535839519393e-01 8.730309881911233472e-01 8.966946906664475803e-01
2.350628156687343817e-01 8.829477123702150765e-01 8.962434721151932848e-01
2.886068900002771165e-01 8.847986093278200626e-01 8.902068557439862806e-01
3.521170457631143114e-01 8.848785041605224944e-01 8.895819907672803950e-01
4.229441034628897422e-01 8.848785041605224944e-01 8.887592612439600970e-01
4.987951035940542122e-01 8.848785041605224944e-01 8.717570166665137288e-01
5.719880026412107465e-01 8.848785041605224944e-01 8.642580127676628976e-01
6.362093777661625982e-01 8.848785041605224944e-01 8.607843976624129922e-01
6.902563234905394474e-01 8.848785041605224944e-01 8.454429669197672803e-01
7.301674320788666961e-01 8.848785041605224944e-01 8.144131870906009540e-01
7.452483806997673987e-01 8.848785041605224944e-01 7.925830475757614790e-01
7.548388676453243740e-01 8.848785041605224944e-01 7.871346569103255808e-01
7.557896161544827018e-01 8.848785041605224944e-01 7.806648607430602960e-01
7.557896161544827018e-01 8.848785041605224944e-01 7.484404659114795022e-01
7.557896161544827018e-01 8.848785041605224944e-01 7.143990878142999490e-01
7.438444065590957832e-01 8.848785041605224944e-01 7.085939167865776822e-01
7.328463058193773749e-01 8.848785041605224944e-01 6.783524118341288656e-01
7.328072905094077383e-01 8.848785041605224944e-01 6.216018638088693926e-01
7.264210746014158060e-01 8.848785041605224944e-01 6.154047711760390893e-01
7.079776631741993009e-01 8.848785041605224944e-01 6.077253797252274437e-01
6.847397628365130551e-01 8.848785041605224944e-01 5.863417150059503369e-01
6.601227001423111140e-01 8.848785041605224944e-01 5.599488939475864013e-01
6.305508262400167929e-01 8.848785041605224944e-01 5.316557618098288751e-01
5.978359783912472469e-01 8.848785041605224944e-01 5.034438352793726423e-01
5.645695898807222557e-01 8.848785041605224944e-01 4.839329865818287058e-01
5.314431504854809640e-01 8.848785041605224944e-01 4.696166127845383120e-01
4.653353252023713638e-01 8.848785041605224944e-01 4.325029350718431753e-01
4.370167792950864771e-01 8.848785041605224944e-01 4.278927847624828806e-01
4.094208377635763507e-01 8.848785041605224944e-01 4.279818550173783986e-01
3.832273168621020409e-01 8.848785041605224944e-01 4.284041429006970603e-01
3.577761965005054612e-01 8.848785041605224944e-01 4.284875643412491830e-01
3.329406214388624941e-01 8.617445114913674376e-01 4.284875019234111737e-01
3.098554977757104756e-01 8.618860141172870470e-01 4.282447589512396458e-01
2.910864927122225887e-01 8.609365084166374915e-01 4.287440704467104791e-01
2.730661466171742102e-01 8.386653799406681431e-01 4.284918399631555963e-01
2.613468618542623689e-01 8.115828070952889606e-01 4.299383109420968907e-01
2.469303497323273311e-01 7.753309706167671456e-01 4.492702701157931244e-01
2.268200879718392238e-01 7.338142422072311266e-01 4.879744479687270764e-01
2.001308196334466438e-01 6.989923456900090093e-01 5.232797248685553404e-01
1.781666648591271329e-01 6.757434820058353386e-01 5.325482120582495371e-01
1.509981606825747669e-01 6.757413514769632368e-01 5.395141052023261219e-01
1.255207970877363355e-01 6.756472531184470887e-01 5.502946021009129662e-01
1.039495140567262416e-01 6.756472531184470887e-01 5.507442602062160297e-01
7.722685633616677148e-02 6.748255791501213130e-01 5.461562994382819225e-01
4.177351877623464854e-02 6.738757183613264257e-01 5.405254614322297924e-01
3.521429163098481301e-03 6.729134294874444810e-01 5.407282569880501599e-01
-3.619213390311978168e-02 6.719688950208296818e-01 5.407268837956130669e-01
-8.104493485704457323e-02 6.708077567855551537e-01 5.409819230818800895e-01
-1.025065011993957081e-01 6.700958050541406807e-01 5.410292358031211224e-01
-1.400433350968899593e-01 6.691228635358983379e-01 5.415288281788631641e-01
-1.775472567619126585e-01 6.681854308321905078e-01 5.436659525358137346e-01
-2.189237031610286599e-01 6.672479981284825667e-01 5.493738141540179809e-01
-2.657849964041901214e-01 6.662999127804143384e-01 5.533628757658745068e-01
-3.119496732852141130e-01 6.653553783137996502e-01 5.630665401224445032e-01
-3.551434164261820237e-01 6.644055175250046519e-01 5.903343968524136232e-01
-3.842478611711493408e-01 6.640060433614928259e-01 6.042432133761648227e-01
-3.980292759521277257e-01 6.640060433614928259e-01 6.078927219490360967e-01
-4.074079084329689238e-01 6.640060433614928259e-01 6.172309298638308794e-01
-4.074695606122042402e-01 6.640060433614928259e-01 6.433664021759198937e-01
-4.074695606122042402e-01 6.640060433614928259e-01 6.830184573174618023e-01
-3.843540325266071589e-01 6.640060433614928259e-01 7.077448469356006910e-01
-3.840107066760777843e-01 6.640060433614928259e-01 7.085030988322168488e-01
-3.611117379731222377e-01 6.640060433614928259e-01 7.288273455862926964e-01
-3.444036423122012747e-01 6.640060433614928259e-01 7.606715533663187534e-01
-3.167274730528525928e-01 6.640060433614928259e-01 7.984070687905743258e-01
-2.785975753736067984e-01 6.640060433614928259e-01 8.292802422640762616e-01
-2.361112343971911443e-01 6.640060433614928259e-01 8.544579752691455754e-01
-1.899744541285857402e-01 6.701677104035727028e-01 8.788252126471521875e-01
-1.446358454316861997e-01 6.871036394957500404e-01 9.074520305471183157e-01
-9.719548109900064126e-02 6.869985334047281622e-01 9.182644853787859107e-01
-5.449463359328368672e-02 6.869985334047281622e-01 9.246643735674365816e-01
-1.568278358265262629e-02 6.869985334047281622e-01 9.248906382303632157e-01
1.672394485037315831e-02 6.869985334047281622e-01 9.236291113055603574e-01
3.950258305807523296e-02 6.869985334047281622e-01 9.203353844095668590e-01
5.625669314920570679e-02 6.869985334047281622e-01 9.161582578516695996e-01
6.506751749263293971e-02 6.641258856105463071e-01 8.973564445854402827e-01
6.924726559972824158e-02 6.620711680575138702e-01 8.807777050391544238e-01
6.876479513049449377e-02 6.317248025242063747e-01 8.819073430721604545e-01
6.780574643593879902e-02 5.932261458060208437e-01 8.858877910223661445e-01
6.683395895416888166e-02 5.455569826461839078e-01 8.995494953252824999e-01
6.584397320495009864e-02 4.893896724479040450e-01 9.251918042989483171e-01
6.488128485690461411e-02 4.444461658917267521e-01 9.660468384332036029e-01
6.392041633560402447e-02 4.095269752226805005e-01 9.988830529133382319e-01
6.294680902708922610e-02 3.875759587097387104e-01 1.003122534891446094e+00
6.196228275810510000e-02 3.818622353630100608e-01 1.008700130481642754e+00
6.099959441005961547e-02 3.761438958703918756e-01 1.019858068046910260e+00
6.002780692828970505e-02 3.667875007846528312e-01 1.020094506817438740e+00
5.906511858024422745e-02 3.608321399550176167e-01 1.019842775676588209e+00
5.805329491008678899e-02 3.496414482824684034e-01 1.020150558036006627e+00
5.791134842398557026e-02 3.380826189752337840e-01 1.020605708911057841e+00
5.791134842398557026e-02 3.383511543851501213e-01 1.017600290009011532e+00
5.791134842398557026e-02 3.383511543851501213e-01 9.807061046238146895e-01
5.791134842398557026e-02 3.383511543851501213e-01 9.300051558800763729e-01
5.791134842398557026e-02 3.383511543851501213e-01 9.259075496478531564e-01
5.791134842398557026e-02 3.383511543851501213e-01 9.255072016346086450e-01
5.791134842398557026e-02 3.383511543851501213e-01 9.135827730181027562e-01
5.791134842398557026e-02 3.376394689698445917e-01 8.914221310507950413e-01
5.791134842398557026e-02 3.366771800959626471e-01 8.751778886986124606e-01
5.791134842398557026e-02 3.357379719515280470e-01 8.596414022120645315e-01
5.791134842398557026e-02 3.347934374849132477e-01 8.295854654921347437e-01
5.791134842398557026e-02 3.338506784590252185e-01 7.985501304753821472e-01
5.791134842398557026e-02 3.328972667887768466e-01 7.542442637467647870e-01
5.791134842398557026e-02 3.319545077628888174e-01 7.119481889854784029e-01
5.791134842398557026e-02 3.310135241777274473e-01 6.620714677931737180e-01
5.791134842398557026e-02 3.302997970055862043e-01 6.066766976281706691e-01
5.791134842398557026e-02 3.293392835724309742e-01 5.477319129241461360e-01
5.791134842398557026e-02 3.496821946471466158e-01 5.261511326723111726e-01
5.791134842398557026e-02 3.496038089390618997e-01 5.182945369792791857e-01
5.791134842398557026e-02 3.496038089390618997e-01 4.850595349318512217e-01
5.791134842398557026e-02 3.496038089390618997e-01 4.264870102139493024e-01
5.791134842398557026e-02 3.496038089390618997e-01 3.746350141187543836e-01
5.791134842398557026e-02 3.496038089390618997e-01 3.392921304715017516e-01
5.791134842398557026e-02 3.496038089390618997e-01 3.176370105745506822e-01
5.791134842398557026e-02 3.496038089390618997e-01 3.073996112848259021e-01
5.791134842398557026e-02 3.496038089390618997e-01 2.837221222261769316e-01
5.791134842398557026e-02 3.496038089390618997e-01 2.728986194371745833e-01
5.791134842398557026e-02 3.496038089390618997e-01 2.465865046434076724e-01
5.791134842398557026e-02 3.496038089390618997e-01 2.221152167293739543e-01
5.791134842398557026e-02 3.496038089390618997e-01 2.063881997921822309e-01
5.791134842398557026e-02 3.496038089390618997e-01 1.790264198204092605e-01
5.791134842398557026e-02 3.496038089390618997e-01 1.065266028986937147e-01
5.791134842398557026e-02 3.496038089390618997e-01 4.392010693445927427e-02
5.791134842398557026e-02 3.496038089390618997e-01 6.670707289543724439e-02
5.791134842398557026e-02 3.496038089390618997e-01 1.090906964768166149e-01
5.791134842398557026e-02 3.496038089390618997e-01 9.439782608264603303e-02
5.791134842398557026e-02 3.496038089390618997e-01 4.657756979607331066e-02
5.791134842398557026e-02 3.496038089390618997e-01 2.323814355052602684e-02
5.791134842398557026e-02 3.496038089390618997e-01 2.747198061540542802e-02
5.791134842398557026e-02 3.496038089390618997e-01 2.786179171736439739e-02
5.791134842398557026e-02 3.496038089390618997e-01 2.722828967231854733e-02
5.791134842398557026e-02 3.496038089390618997e-01 2.722711933785513030e-02
5.791134842398557026e-02 3.496038089390618997e-01 2.684525480690274149e-02
5.791134842398557026e-02 3.496038089390618997e-01 2.559327781132127513e-02
5.791134842398557026e-02 3.496038089390618997e-01 2.517210174574282047e-02
5.791134842398557026e-02 3.266718614246076346e-01 2.052941613829958531e-02
5.791134842398557026e-02 3.168633503578094368e-01 9.886753430583927749e-03
5.791134842398557026e-02 2.530865899768461880e-01 2.811845581797822041e-03
5.791134842398557026e-02 1.530940345641134126e-01 2.571962321887654238e-02
5.791134842398557026e-02 9.062515259448808425e-02 7.097353498404172789e-02
5.791134842398557026e-02 4.194904822649212633e-02 9.775786412933661074e-02
5.791134842398557026e-02 1.249599569483346613e-02 9.432795711518023041e-02
5.791134842398557026e-02 1.259941511716487425e-03 9.133367199499571598e-02
5.791134842398557026e-02 -1.437174882261260840e-02 9.127073920978308330e-02
5.791134842398557026e-02 -2.469478261201408717e-02 8.856413010293544275e-02
5.791134842398557026e-02 -3.695233661724912216e-02 7.729582219553830791e-02
5.791134842398557026e-02 -4.649843754463815065e-02 6.931371203242009393e-02
5.791134842398557026e-02 -5.129745382896094136e-02 6.953621602060432172e-02
5.791134842398557026e-02 -5.614174385181507770e-02 6.903036625659787762e-02
5.791134842398557026e-02 -5.728210943058700821e-02 6.902903987753934711e-02
5.791134842398557026e-02 -5.728210943058700821e-02 6.799700773878208926e-02
5.791134842398557026e-02 -5.728210943058700821e-02 5.771316957754907967e-02
5.791134842398557026e-02 -5.728210943058700821e-02 5.080256303352418540e-02
5.791134842398557026e-02 -5.728210943058700821e-02 5.164112328101963523e-02
5.791134842398557026e-02 -5.728210943058700821e-02 5.163972668189329568e-02
5.791134842398557026e-02 -5.728210943058700821e-02 5.163954723060890789e-02
5.791134842398557026e-02 -5.728210943058700821e-02 5.163954723060890789e-02
5.791134842398557026e-02 -5.728210943058700821e-02 5.113319032166832590e-02
5.791134842398557026e-02 -5.728210943058700821e-02 5.113377548890003094e-02
5.791134842398557026e-02 -5.728210943058700821e-02 5.000176557804822397e-02
5.791134842398557026e-02 -5.728210943058700821e-02 3.459030592222674810e-02
5.791134842398557026e-02 -5.728210943058700821e-02 1.441350960719627559e-02
5.791134842398557026e-02 -5.728210943058700821e-02 1.739630594406494160e-02
5.791134842398557026e-02 -5.728210943058700821e-02 1.981287496195965545e-02
5.791134842398557026e-02 -5.728210943058700821e-02 2.235587911305183043e-02
5.791134842398557026e-02 -5.728210943058700821e-02 2.540532599761190571e-02
5.791134842398557026e-02 -5.728210943058700821e-02 2.632992923485753464e-02
5.791134842398557026e-02 -5.728210943058700821e-02 2.633020231289899538e-02
5.791134842398557026e-02 -5.728210943058700821e-02 2.632886032938094867e-02
5.791134842398557026e-02 -5.728210943058700821e-02 2.632886032938094867e-02
5.791134842398557026e-02 -5.728210943058700821e-02 2.632886032938094867e-02
5.791134842398557026e-02 -5.728210943058700821e-02 2.633910855816557275e-02
5.791134842398557026e-02 -5.728210943058700821e-02 2.996222608888691671e-02
5.791134842398557026e-02 -5.728210943058700821e-02 3.734024471202485734e-02
5.791134842398557026e-02 -5.728210943058700821e-02 5.880229843366140824e-02
5.791134842398557026e-02 -5.728210943058700821e-02 7.711077671241307885e-02
5.791134842398557026e-02 -5.728210943058700821e-02 8.204963496139754120e-02
5.791134842398557026e-02 -5.728210943058700821e-02 8.040604064766858350e-02
5.791134842398557026e-02 -5.728210943058700821e-02 8.027693715189453127e-02
5.791134842398557026e-02 -5.728210943058700821e-02 8.025514552418576419e-02
5.791134842398557026e-02 -5.728210943058700821e-02 7.827544675702388655e-02
5.791134842398557026e-02 -5.728210943058700821e-02 7.810403176928255864e-02
5.791134842398557026e-02 -5.793342986118404925e-02 7.810386792245767318e-02
5.791134842398557026e-02 -8.061370865262586227e-02 7.810386792245767318e-02
5.791134842398557026e-02 -1.068671506786269959e-01 8.097600913581057269e-02
5.791134842398557026e-02 -1.442179849669883163e-01 9.479122230917792769e-02
5.791134842398557026e-02 -1.890615342102512364e-01 1.291626503294996120e-01
5.791134842398557026e-02 -2.360957997662133379e-01 1.659579502547676999e-01
5.791134842398557026e-02 -2.704284735911878790e-01 1.906240286368919845e-01
5.791134842398557026e-02 -2.932639259021449507e-01 1.963239943985831959e-01
5.791134842398557026e-02 -3.066471093281201155e-01 1.998439079352058168e-01
5.791134842398557026e-02 -3.134067448069592365e-01 2.045463742270402507e-01
5.791134842398557026e-02 -3.132426940838103913e-01 2.171930240431484693e-01
5.791134842398557026e-02 -3.132426940838103913e-01 2.328960413216104586e-01
5.791134842398557026e-02 -3.366942243269391288e-01 2.325214250621014944e-01
5.791134842398557026e-02 -3.501929889442237931e-01 2.325576430126292671e-01
5.791134842398557026e-02 -3.695627809566244260e-01 2.382924847413302183e-01
5.791134842398557026e-02 -3.902249606600223242e-01 2.514340611997863406e-01
5.791134842398557026e-02 -4.110152827978712509e-01 2.648495583405193754e-01
5.791134842398557026e-02 -4.260856675464479992e-01 2.691314844485004909e-01
5.791134842398557026e-02 -4.458994528985830152e-01 2.805956439272349612e-01
5.791134842398557026e-02 -4.602381785236786538e-01 2.974037066105117422e-01
5.791134842398557026e-02 -4.800900026933836440e-01 3.144926183560887156e-01
5.791134842398557026e-02 -4.929955037918349325e-01 3.182784162783394710e-01
5.791134842398557026e-02 -5.103902511538147557e-01 3.183868360630301431e-01
5.791134842398557026e-02 -5.179949964185723843e-01 3.215426195369359696e-01
5.791134842398557026e-02 -5.262835526792258856e-01 3.317765858455680172e-01
5.791134842398557026e-02 -5.340141766915079691e-01 3.409827800328896763e-01
5.791134842398557026e-02 -5.343183984600312630e-01 3.444023100814704308e-01
5.791134842398557026e-02 -5.343183984600312630e-01 3.455258623752666680e-01
5.791134842398557026e-02 -5.343183984600312630e-01 3.455302004150110906e-01
5.791134842398557026e-02 -5.343183984600312630e-01 3.470221427889708665e-01
5.791134842398557026e-02 -5.343183984600312630e-01 3.485239471813423862e-01
5.791134842398557026e-02 -5.110946128761224561e-01 3.517137483769847695e-01
5.791134842398557026e-02 -4.863342721152742465e-01 3.522204251773453643e-01
5.791134842398557026e-02 -4.535762810568454428e-01 3.478084515037897506e-01
5.791134842398557026e-02 -4.186795940990103437e-01 3.294151941965083874e-01
5.791134842398557026e-02 -3.911880484822313209e-01 2.960921517885127252e-01
5.791134842398557026e-02 -3.657397244397793679e-01 2.749223617913096329e-01
5.791134842398557026e-02 -3.444642631233543195e-01 2.758625304769186659e-01
5.791134842398557026e-02 -3.309807672963194780e-01 2.701396573686635771e-01
5.791134842398557026e-02 -3.135157568675798201e-01 2.382161789343155978e-01
5.791134842398557026e-02 -3.080613366389885477e-01 2.242248148197449886e-01
5.791134842398557026e-02 -2.919233793814354216e-01 2.250241844671756197e-01
5.791134842398557026e-02 -2.895151715797130154e-01 2.246697759827348817e-01
5.791134842398557026e-02 -2.875643173091937399e-01 2.231196289747946204e-01
5.791134842398557026e-02 -2.856134630386743534e-01 2.206090274838794774e-01
5.791134842398557026e-02 -2.671455949154472043e-01 2.192306075528708265e-01
5.791134842398557026e-02 -2.669911315722225398e-01 2.177012144760817336e-01
5.791134842398557026e-02 -2.663043023270911247e-01 2.113306002534759420e-01
5.791134842398557026e-02 -2.438919375413112767e-01 1.991361364651117460e-01
5.791134842398557026e-02 -2.298974698731265642e-01 1.974336743278730655e-01
5.791134842398557026e-02 -2.056805471327090296e-01 1.871666109606156259e-01
5.791134842398557026e-02 -1.789298929311901321e-01 1.552388569043613442e-01
5.791134842398557026e-02 -1.475263412171574084e-01 1.255776505922516495e-01
5.791134842398557026e-02 -1.179715559318577217e-01 1.060579307594750470e-01
5.791134842398557026e-02 -7.818108854091115889e-02 6.312643460462293021e-02
5.791134842398557026e-02 -4.887575267771555182e-02 1.721269217009996008e-02
5.791134842398557026e-02 -2.199602393536412293e-02 -4.775737031473862096e-03
5.791134842398557026e-02 4.022260966383009255e-04 -1.739421835996582746e-02
5.791134842398557026e-02 1.838362346074430900e-02 -4.833640499385719741e-02
5.791134842398557026e-02 3.470844585478469885e-02 -7.410490528104077268e-02
5.791134842398557026e-02 4.103274326743219097e-02 -7.928147796511895995e-02
5.791134842398557026e-02 5.867369987218973987e-02 -9.349874784004746919e-02
5.791134842398557026e-02 6.599907953859802945e-02 -1.033448340985851921e-01
5.791134842398557026e-02 8.555946511301203150e-02 -1.262753766915347409e-01
5.791134842398557026e-02 1.053101779333303345e-01 -1.414073643786079304e-01
5.791134842398557026e-02 1.229258345077321180e-01 -1.667656877936116722e-01
5.791134842398557026e-02 1.407828622489314396e-01 -1.893180641125132568e-01
5.791134842398557026e-02 1.569611220109811411e-01 -2.007144846325054077e-01
5.791134842398557026e-02 1.743854748470788918e-01 -2.179764654385320244e-01
5.791134842398557026e-02 1.874712719513285664e-01 -2.431081340791213519e-01
5.791134842398557026e-02 2.012383944344568465e-01 -2.660391682125455293e-01
5.791134842398557026e-02 2.153627355918011077e-01 -2.680626921042473798e-01
5.791134842398557026e-02 2.246141133585546901e-01 -2.732612553728930860e-01
5.791134842398557026e-02 2.353260574391440874e-01 -2.903183496255247742e-01
5.791134842398557026e-02 2.449303040503331697e-01 -3.038294396852294077e-01
5.791134842398557026e-02 2.447124574731646962e-01 -3.044031532436543563e-01
5.791134842398557026e-02 2.447124574731646962e-01 -3.107690237105684150e-01
5.791134842398557026e-02 2.451525004572821520e-01 -3.243396603877715667e-01
5.791134842398557026e-02 2.463384948627307391e-01 -3.252769890617493997e-01
5.791134842398557026e-02 2.681549329685872229e-01 -3.252084542755719343e-01
5.791134842398557026e-02 2.692265002191987500e-01 -3.268664905165793999e-01
5.791134842398557026e-02 2.721181605308067852e-01 -3.269934171902514897e-01
5.791134842398557026e-02 2.749935755597653353e-01 -3.269923248780856606e-01
5.791134842398557026e-02 2.778852358713733706e-01 -3.268262934288759802e-01
5.791134842398557026e-02 2.796618306345652338e-01 -3.265317436511240290e-01
5.791134842398557026e-02 2.797559289930813820e-01 -3.257747089023499965e-01
5.791134842398557026e-02 2.566493668831541508e-01 -3.248447767421809851e-01
5.791134842398557026e-02 2.566427089804289574e-01 -3.177059861867094215e-01
5.791134842398557026e-02 2.559396344526481126e-01 -3.129340800500458042e-01
5.791134842398557026e-02 2.333957095090183065e-01 -3.086522163599027535e-01
5.791134842398557026e-02 2.125575392435843092e-01 -2.929844027421003028e-01
5.791134842398557026e-02 1.842018866251109721e-01 -2.799151529534830707e-01
5.791134842398557026e-02 1.460937380947674724e-01 -2.510333113717093667e-01
5.791134842398557026e-02 1.021964099868096915e-01 -2.110030197360515947e-01
5.791134842398557026e-02 5.720896127264616521e-02 -1.507192709768948591e-01
5.791134842398557026e-02 1.363671636175073885e-02 -8.851761320912961140e-02
5.791134842398557026e-02 -3.805994531461307645e-02 -5.468464827319483718e-02
5.791134842398557026e-02 -6.842504174758755331e-02 -2.286588307676402920e-02
5.791134842398557026e-02 -8.317087593131995693e-02 3.790810659813271394e-02
5.791134842398557026e-02 -9.231634865872472007e-02 5.888692921982573852e-02
5.791134842398557026e-02 -9.227409316942880579e-02 5.593345756349533265e-02
5.791134842398557026e-02 -9.227409316942880579e-02 5.764292610305499220e-02
5.791134842398557026e-02 -9.227409316942880579e-02 6.139280255950866488e-02
5.791134842398557026e-02 -9.227409316942880579e-02 9.837653413561613103e-02
5.791134842398557026e-02 -9.227409316942880579e-02 1.469815855044350472e-01
5.791134842398557026e-02 -9.227409316942880579e-02 1.888779676397762675e-01
5.791134842398557026e-02 -9.227409316942880579e-02 2.091561188204532629e-01
5.791134842398557026e-02 -9.227409316942880579e-02 2.203571715073528725e-01
5.791134842398557026e-02 -9.227409316942880579e-02 2.619315556206601725e-01
5.791134842398557026e-02 -9.227409316942880579e-02 3.239450197055935843e-01
5.791134842398557026e-02 -9.227409316942880579e-02 3.767983227587663464e-01
5.791134842398557026e-02 -9.227409316942880579e-02 4.012641179030517757e-01
5.791134842398557026e-02 -9.227409316942880579e-02 4.082953313146462926e-01
5.791134842398557026e-02 -9.227409316942880579e-02 4.176697103665902855e-01
5.791134842398557026e-02 -9.227409316942880579e-02 4.555971918517647823e-01
5.791134842398557026e-02 -9.227409316942880579e-02 5.707787009382316867e-01
5.791134842398557026e-02 -9.227409316942880579e-02 5.956155701297168870e-01
5.791134842398557026e-02 -9.227409316942880579e-02 6.033540088553225322e-01
5.791134842398557026e-02 -9.227409316942880579e-02 6.182141980666124859e-01
5.791134842398557026e-02 -9.227409316942880579e-02 6.402891403422793504e-01
5.791134842398557026e-02 -7.548765618644134867e-02 6.446973377366329583e-01
5.791134842398557026e-02 -6.855811103005517160e-02 6.461855038313908395e-01
5.791134842398557026e-02 -4.601880223231488709e-02 6.463143342491234344e-01
5.791134842398557026e-02 -1.976704687500413851e-02 6.457114403514107037e-01
5.791134842398557026e-02 1.526088953855372909e-02 6.404784536450811583e-01
5.791134842398557026e-02 5.177735545739322459e-02 6.279759734304058982e-01
5.791134842398557026e-02 8.603883410922628927e-02 6.194770357660145388e-01
5.791134842398557026e-02 1.182477257368989426e-01 6.035044982628580135e-01
5.791134842398557026e-02 1.401414842864040222e-01 6.029195182846652790e-01
5.791134842398557026e-02 1.518902857513975690e-01 6.006812770300758997e-01
5.791134842398557026e-02 1.611674074086886232e-01 5.989646616480596153e-01
5.791134842398557026e-02 1.658985130852143886e-01 5.940513791082155937e-01
5.791134842398557026e-02 1.754437262922400320e-01 5.878059750687355534e-01
5.791134842398557026e-02 1.872662973194288150e-01 5.768261155954211850e-01
5.791134842398557026e-02 1.930533463681710082e-01 5.720793638474911402e-01
5.791134842398557026e-02 1.982684371868004836e-01 5.637008301926956788e-01
5.791134842398557026e-02 1.989216218301605998e-01 5.580724264823274661e-01
5.791134842398557026e-02 1.998679317375020859e-01 5.575267697421053548e-01
5.791134842398557026e-02 2.215533423177266370e-01 5.544261636370345636e-01
5.791134842398557026e-02 2.422297699329565013e-01 5.478460751499373282e-01
5.791134842398557026e-02 2.525425061661430437e-01 5.404888845791332441e-01
5.791134842398557026e-02 2.682587962511002733e-01 5.306935908363076271e-01
5.791134842398557026e-02 2.774885136409878661e-01 5.230603261678140603e-01
5.791134842398557026e-02 2.797569942575174329e-01 5.172304376762243416e-01
5.791134842398557026e-02 2.797569942575174329e-01 5.146454029134361896e-01
5.791134842398557026e-02 2.809036626508691903e-01 5.100373436016504280e-01
5.791134842398557026e-02 2.818552988803908477e-01 5.025117497037908665e-01
5.791134842398557026e-02 2.828069351099125051e-01 4.952479362187077183e-01
5.791134842398557026e-02 2.837479186950737642e-01 4.877646304061262761e-01
5.791134842398557026e-02 2.846942286024152780e-01 4.703431252105065852e-01
5.791134842398557026e-02 2.856529665948438490e-01 4.383046107006347558e-01
5.791134842398557026e-02 2.865868484170982500e-01 4.014773372378262484e-01
5.791134842398557026e-02 2.875331583244397637e-01 3.637610465076896449e-01
5.791134842398557026e-02 2.894346553427563085e-01 2.736499429537672112e-01
5.791134842398557026e-02 2.903791898093711077e-01 2.374241277783962489e-01
5.791134842398557026e-02 2.913272751574392805e-01 2.148759958724819896e-01
5.791134842398557026e-02 2.684928881109182597e-01 1.771816138035004762e-01
5.791134842398557026e-02 2.684340322508275145e-01 1.350729329964960035e-01
5.791134842398557026e-02 2.684340322508275145e-01 1.106640941294300129e-01
5.791134842398557026e-02 2.533751878669744384e-01 1.035518545618184655e-01
5.791134842398557026e-02 2.335402303841732918e-01 9.336695647612243409e-02
5.791134842398557026e-02 1.986264548093434890e-01 7.640862284774338486e-02
5.791134842398557026e-02 1.511071388468416266e-01 7.177753135371769955e-02
5.791134842398557026e-02 1.031205268850671902e-01 7.619596527351134296e-02
5.791134842398557026e-02 6.665297435824880934e-02 8.151028242281845027e-02
5.791134842398557026e-02 4.160132816016411800e-02 8.068400288495909678e-02
5.791134842398557026e-02 3.563247398100585772e-02 6.246900312091515500e-02
5.791134842398557026e-02 3.577184607805333066e-02 1.471676667335604198e-02
5.791134842398557026e-02 3.577184607805333066e-02 -2.070621685894974071e-02
5.791134842398557026e-02 3.577184607805333066e-02 -2.160457388293523032e-02
5.791134842398557026e-02 3.577184607805333066e-02 -2.198250194515599318e-02
5.791134842398557026e-02 3.577184607805333066e-02 -3.440510634506383641e-02
5.791134842398557026e-02 3.577184607805333066e-02 -3.742101729557479467e-02
5.791134842398557026e-02 3.577184607805333066e-02 -3.730491524041055357e-02
5.791134842398557026e-02 3.577184607805333066e-02 -3.886917355614342984e-02
5.791134842398557026e-02 3.577184607805333066e-02 -3.321172897134421625e-02
5.791134842398557026e-02 3.577184607805333066e-02 -2.295350784668741262e-02
5.791134842398557026e-02 3.577184607805333066e-02 -1.248725903969977874e-02
5.791134842398557026e-02 3.577184607805333066e-02 -3.385266556606890409e-03
5.791134842398557026e-02 3.577184607805333066e-02 -2.971502609296722882e-03
5.791134842398557026e-02 3.577184607805333066e-02 -5.188582266230249394e-03
5.791134842398557026e-02 3.577184607805333066e-02 -3.549585416385055842e-03
5.791134842398557026e-02 3.577184607805333066e-02 -3.455037996200738867e-03
5.791134842398557026e-02 3.577184607805333066e-02 -3.454675192517080769e-03
5.791134842398557026e-02 3.577184607805333066e-02 -3.454675192517080769e-03
5.791134842398557026e-02 3.577184607805333066e-02 -3.454675192517080769e-03
5.791134842398557026e-02 3.577184607805333066e-02 -3.454675192517080769e-03
5.791134842398557026e-02 3.577184607805333066e-02 -3.454675192517080769e-03
5.791134842398557026e-02 3.577184607805333066e-02 -3.454675192517080769e-03
5.791134842398557026e-02 3.577184607805333066e-02 -3.454675192517080769e-03
5.791134842398557026e-02 3.577184607805333066e-02 -3.606028696998060668e-03
5.791134842398557026e-02 3.577184607805333066e-02 -3.705553939766764292e-03
5.791134842398557026e-02 3.577184607805333066e-02 -3.710740471997125978e-03
5.791134842398557026e-02 3.577184607805333066e-02 -3.721136943147118018e-03
5.791134842398557026e-02 3.577184607805333066e-02 -3.392169579383592318e-03
5.791134842398557026e-02 3.577184607805333066e-02 -4.881342161780000306e-03
5.791134842398557026e-02 3.577184607805333066e-02 -3.947401606073771586e-03
5.791134842398557026e-02 3.577184607805333066e-02 6.295950784954879335e-04
5.791134842398557026e-02 3.577184607805333066e-02 -6.751464463689892462e-04
5.791134842398557026e-02 3.577184607805333066e-02 6.831800122373488798e-03
5.791134842398557026e-02 3.577184607805333066e-02 4.804234480602242313e-02
5.791134842398557026e-02 5.046468335609315820e-02 9.538517485159014875e-02
5.791134842398557026e-02 6.226878979972404193e-02 1.110653159924072653e-01
5.791134842398557026e-02 9.653763653057299832e-02 1.060424667400984844e-01
5.791134842398557026e-02 1.354330154791439089e-01 9.845095180302972093e-02
5.791134842398557026e-02 1.897790785799549074e-01 8.767134435863514763e-02
5.791134842398557026e-02 2.633038074989352273e-01 7.625430254539765362e-02
5.791134842398557026e-02 3.518789474583166044e-01 5.173518696295908298e-02
5.791134842398557026e-02 4.531072983888825290e-01 -7.502702155755164607e-04
5.791134842398557026e-02 5.517632132505045917e-01 -8.515761417358781726e-02
5.791134842398557026e-02 6.186529426296613066e-01 -1.312409029618255285e-01
8.111278009949453305e-02 6.501125094986220931e-01 -1.235470149681271029e-01
8.089294724801303349e-02 6.521814305774682463e-01 -1.142953025724084276e-01
5.817867986315908291e-02 6.521814305774682463e-01 -1.144133893197668700e-01
5.791134842398557026e-02 6.521814305774682463e-01 -1.114023840212150507e-01
5.791134842398557026e-02 6.521814305774682463e-01 -1.058103308992803665e-01
5.791134842398557026e-02 6.521814305774682463e-01 -8.146348854985628607e-02
5.791134842398557026e-02 6.521814305774682463e-01 -6.869796006006935463e-02
5.791134842398557026e-02 6.521814305774682463e-01 -6.389923765973404279e-02
5.791134842398557026e-02 6.533937015056724418e-01 -5.833837005013445265e-02
5.791134842398557026e-02 6.762991949532985991e-01 -4.378110631023962585e-02
5.791134842398557026e-02 6.985353472469514324e-01 -1.761004315183947039e-02
5.791134842398557026e-02 7.229638137499575512e-01 -1.412939726230051825e-02
5.791134842398557026e-02 7.473328029886187052e-01 -1.419228128357717840e-02
5.791134842398557026e-02 7.765606408640930436e-01 -1.413883600974795256e-02
5.791134842398557026e-02 8.116568429735933066e-01 -1.329914346365915039e-02
5.791134842398557026e-02 8.525823496211315522e-01 -1.416217833062073835e-02
5.791134842398557026e-02 9.028869769957109659e-01 -1.508320424552319489e-02
5.791134842398557026e-02 9.429304446902150305e-01 -2.634100888875054447e-02
5.791134842398557026e-02 9.661256900644418222e-01 -3.335705037694501607e-02
5.791134842398557026e-02 9.778198079550525224e-01 -3.579355701770270404e-02
5.791134842398557026e-02 9.837684221099262105e-01 -3.579236327655001965e-02
5.791134842398557026e-02 9.894651012256782119e-01 -3.579758199297813220e-02
5.791134842398557026e-02 9.894299474992892529e-01 -3.775144075046655417e-02
5.791134842398557026e-02 9.901610739905523095e-01 -3.770878010871768493e-02
5.791134842398557026e-02 1.002834169897875993e+00 -3.830778069378209388e-02
7.869133971610588196e-02 1.013985180470183156e+00 -4.721160239274257986e-02
8.113449595888322374e-02 1.031091196783979980e+00 -5.433051286679560499e-02
8.170248718862214987e-02 1.037642040433357060e+00 -5.458349431496455767e-02
1.029569317254446226e-01 1.042504439951623896e+00 -5.602783333462502124e-02
1.078649045878652818e-01 1.047249127749708908e+00 -6.069164347913286878e-02
1.336201246564352740e-01 1.047839994423561016e+00 -6.392620606688596829e-02
1.709629472685172957e-01 1.047839994423561016e+00 -7.375277894880373497e-02
2.237950254826273078e-01 1.047839994423561016e+00 -8.120591353891844222e-02
2.708258955081995212e-01 1.047839994423561016e+00 -8.282334307516035776e-02
3.255985526296230059e-01 1.047839994423561016e+00 -8.858093610583005206e-02
3.917004301862981319e-01 1.047839994423561016e+00 -8.948077506582984009e-02
4.412472106866773269e-01 1.047839994423561016e+00 -8.961104889606730239e-02
4.916731006628917156e-01 1.047839994423561016e+00 -8.960908273416877401e-02
5.244962947820093202e-01 1.047839994423561016e+00 -8.960991367163778643e-02
5.473897152326938631e-01 1.047839994423561016e+00 -8.961070559795802914e-02
5.812287277636039029e-01 1.047839994423561016e+00 -8.960913344866218433e-02
5.828793550072350893e-01 1.047839994423561016e+00 -9.015803591646272264e-02
5.858165553734834274e-01 1.047839994423561016e+00 -9.305985681180779789e-02
5.887155393780891810e-01 1.047839994423561016e+00 -9.782289181323873539e-02
5.699371022857405711e-01 1.047839994423561016e+00 -1.052783046544422535e-01
5.698742516840147321e-01 1.047839994423561016e+00 -1.065027709879037277e-01
5.470968562848212979e-01 1.047839994423561016e+00 -1.143936730851732309e-01
5.145799256910629227e-01 1.047839994423561016e+00 -1.163682926007638813e-01
4.636568235393307424e-01 1.047839994423561016e+00 -1.201517888652365723e-01
4.004922795069585928e-01 1.047839994423561016e+00 -1.212418149777708537e-01
3.334726100596149267e-01 1.047839994423561016e+00 -1.240973920573515549e-01
2.675166959236852660e-01 1.047839994423561016e+00 -1.296510191977374993e-01
1.862880633753600801e-01 1.047839994423561016e+00 -1.316670529488735142e-01
1.279918887806981709e-01 1.047839994423561016e+00 -1.316714065930774114e-01
8.086769715192772268e-02 1.047839994423561016e+00 -1.346256896813024240e-01
4.635805627251744082e-02 1.047839994423561016e+00 -1.544133146772139475e-01
3.214117581554521569e-02 1.047839994423561016e+00 -1.794809036048164719e-01
2.345306216759564938e-02 1.047839994423561016e+00 -1.873200847210328701e-01
2.300595903246338211e-02 1.047839994423561016e+00 -1.868666971499063634e-01
2.300595903246338211e-02 1.048874721279093203e+00 -1.861988730961634531e-01
2.300595903246338211e-02 1.070995114837364204e+00 -1.904198637897494828e-01
2.300595903246338211e-02 1.071600362581102583e+00 -1.883614327221188878e-01
2.300595903246338211e-02 1.083628973504627391e+00 -1.699092061623409533e-01
2.300595903246338211e-02 1.096301536779733077e+00 -1.643655502715833105e-01
2.300595903246338211e-02 1.124744984942142700e+00 -1.449611239879124713e-01
2.182039877775496586e-02 1.145475385955464720e+00 -1.367496984900329893e-01
2.060931794966302383e-02 1.163952752686579828e+00 -1.372097335609116509e-01
1.964190803893492779e-02 1.165600184136903028e+00 -1.340356382537682689e-01
1.866722436947955421e-02 1.168533744849661549e+00 -1.258110113831414634e-01
1.770345133811509694e-02 1.171467305562420069e+00 -1.164944624581496502e-01
1.650328114811407468e-02 1.175105361155541095e+00 -1.132149902359204791e-01
1.551041308184050206e-02 1.175829563427970070e+00 -1.118736933140912909e-01
1.454300317111240602e-02 1.176846535876234778e+00 -1.029019483287104270e-01
9.223248734579723301e-03 1.177803498427936635e+00 -6.521465848657717612e-02
-1.578553409381961716e-04 1.178728503046557519e+00 -2.490318098220883555e-02
1.954069265981817072e-02 1.179680139276079176e+00 2.300846541208108331e-02
2.291677226427014935e-02 1.180624673742693975e+00 7.754327771448250861e-02
2.271683544543244559e-02 1.181814219029595936e+00 1.445871124012096109e-01
2.271683544543244559e-02 1.182760528936937394e+00 2.023738745603755884e-01
2.271683544543244559e-02 1.183715716047912592e+00 2.530369824897968356e-01
2.271683544543244559e-02 1.184647822429440334e+00 3.093292899570215249e-01
2.271683544543244559e-02 1.185597683218235332e+00 3.659852125397990985e-01
2.271683544543244559e-02 1.186545768566303449e+00 4.329340550792457609e-01
2.271683544543244559e-02 1.187181731434614473e+00 5.026466346518142503e-01
2.271683544543244559e-02 1.187181731434614473e+00 5.661931120481434876e-01
2.271683544543244559e-02 1.187181731434614473e+00 6.223291564578131707e-01
2.271683544543244559e-02 1.187824085889541470e+00 6.783930458466985725e-01
2.271683544543244559e-02 1.188772171237609809e+00 7.250492562670410868e-01
-1.997039006066190342e-04 1.189727358348584785e+00 7.343168696070025980e-01
-2.651531974992085705e-04 1.190900924668946370e+00 7.343913340877947782e-01
-2.651531974992085705e-04 1.191845459135561169e+00 7.340107725292116525e-01
-2.651531974992085705e-04 1.192798870805809486e+00 7.342389097272796761e-01
-2.651531974992085705e-04 1.193748731594604262e+00 7.342625036700621832e-01
-2.651531974992085705e-04 1.194693266061219283e+00 7.340024709567511962e-01
-2.651531974992085705e-04 1.195639575968560742e+00 7.333719259567827997e-01
-2.651531974992085705e-04 1.196582334994448660e+00 7.298129232490820906e-01
-6.905770895404948631e-04 1.197541072986877175e+00 7.207949188434774612e-01
-1.645068068238454998e-03 1.198476730249858457e+00 7.208238807203320997e-01
-2.349610152090773549e-02 1.198824716632295395e+00 7.154014558755245057e-01
-2.526902611522233166e-02 1.176075994600838559e+00 6.829530434231867453e-01
-2.716747714304212913e-02 1.175844832218219560e+00 6.527788249001545973e-01
-4.616090623676573357e-02 1.154623521843959555e+00 6.542948917685201815e-01
-4.668081353819805018e-02 1.107850246074825407e+00 6.633313094363492146e-01
-4.760685013174131147e-02 1.020482583353685913e+00 7.161676972554107401e-01
-6.994380862090601725e-02 9.510337337110356115e-01 7.355592342555246077e-01
-7.000917258091064743e-02 8.961871738693623080e-01 7.449069920995406990e-01
-6.987478836265478832e-02 8.427597238005559710e-01 7.448725998707758089e-01
-6.987478836265478832e-02 8.102874455410744581e-01 7.426769899995736557e-01
-6.987478836265478832e-02 7.676486385922517419e-01 7.421899436092793678e-01
-6.987478836265478832e-02 7.201822307634061504e-01 7.425864217165649706e-01
-6.987478836265478832e-02 6.831969597206764000e-01 7.426993980034332088e-01
-6.987478836265478832e-02 6.603353196590002749e-01 7.427258007489278002e-01
-6.987478836265478832e-02 6.523999873309274111e-01 7.402563014043677114e-01
-6.987478836265478832e-02 6.522922180788156554e-01 7.264604611674848611e-01
-6.987478836265478832e-02 6.522922180788156554e-01 7.173142505225279519e-01
-7.022209231006248942e-02 6.522922180788156554e-01 7.178368126626719636e-01
-9.225224354514552361e-02 6.522922180788156554e-01 7.180826765267459555e-01
-1.268818931211774803e-01 6.522922180788156554e-01 7.181583269464609787e-01
-1.827986886329172056e-01 6.522922180788156554e-01 7.181444701864142521e-01
-2.448265844155390336e-01 6.522922180788156554e-01 7.158908117258265813e-01
-3.028023141520371775e-01 6.522922180788156554e-01 7.029836766670815029e-01
-3.609299328427061915e-01 6.522922180788156554e-01 6.810544800432585255e-01
-4.122362638753007680e-01 6.522922180788156554e-01 6.604112781367534879e-01
-4.620249925607135544e-01 6.522922180788156554e-01 6.559299270362067835e-01
-5.040273483950254985e-01 6.522922180788156554e-01 6.560323547084446760e-01
-5.357477275067412670e-01 6.522922180788156554e-01 6.553535607196646628e-01
-5.569333515223942044e-01 6.522922180788156554e-01 6.546859395238954216e-01
-5.703765448449326092e-01 6.522922180788156554e-01 6.542418990240167487e-01
-5.702109849971659372e-01 6.522922180788156554e-01 6.542428352915875545e-01
-5.564978802981481731e-01 6.522922180788156554e-01 6.542428352915875545e-01
-5.474327906496456730e-01 6.522922180788156554e-01 6.534111800174262630e-01
-5.448582684378479035e-01 6.522922180788156554e-01 6.396508555303930255e-01
-5.023723713216138309e-01 6.522922180788156554e-01 6.283560356462846164e-01
-4.608643869576570795e-01 6.522922180788156554e-01 6.279096856863981557e-01
-3.991476704519064667e-01 6.522922180788156554e-01 6.282888116347061791e-01
-3.506975574954128150e-01 6.522922180788156554e-01 6.283839364198924304e-01
-3.040962109676522140e-01 6.522922180788156554e-01 6.287694914055194095e-01
-2.606135370414197627e-01 6.522922180788156554e-01 6.288472016138900722e-01
-2.225724335915189867e-01 6.522922180788156554e-01 6.289291562352481435e-01
-1.865951246353660387e-01 6.522922180788156554e-01 6.289290938174100232e-01
-1.560045583266027325e-01 6.522922180788156554e-01 6.289290938174100232e-01
-1.226901219514109492e-01 6.522922180788156554e-01 6.289290938174100232e-01
-9.479724905486157371e-02 6.522922180788156554e-01 6.287270472756463224e-01
-7.260652585080357158e-02 6.522922180788156554e-01 6.285286833863273914e-01
-4.855273837191020209e-02 6.522922180788156554e-01 6.282208386090711860e-01
-3.968610970714126635e-02 6.522922180788156554e-01 6.279048795128684413e-01
-3.523001979918435195e-02 6.522922180788156554e-01 6.249538889656004459e-01
-3.525743648778149192e-02 6.522922180788156554e-01 6.177483113234167877e-01
-3.417612928030820674e-02 6.522922180788156554e-01 6.049387977633798874e-01
-3.321490844498840855e-02 6.522922180788156554e-01 6.001150224032977265e-01
-3.221007834681856308e-02 6.522922180788156554e-01 5.945520325872045708e-01
-3.102717709201102333e-02 6.522922180788156554e-01 5.709399262139115416e-01
-3.005687099359746067e-02 6.522922180788156554e-01 5.414794556689666027e-01
-1.201630013195818802e-02 6.522922180788156554e-01 5.105708288634529524e-01
-1.214719033834637911e-02 6.522922180788156554e-01 4.807273624642409704e-01
-1.214719033834637911e-02 6.522922180788156554e-01 4.399011653711642489e-01
-1.214719033834637911e-02 6.522922180788156554e-01 3.943495634307703224e-01
-1.130552532355665919e-02 6.522922180788156554e-01 3.507138458203631348e-01
3.389398704177158379e-04 6.522922180788156554e-01 2.998044527064611109e-01
1.106730885832385609e-02 6.522922180788156554e-01 2.544250615812435612e-01
1.115634235604810211e-02 6.522922180788156554e-01 2.371588051533105868e-01
1.115634235604810211e-02 6.522922180788156554e-01 2.358659912871857445e-01
1.115634235604810211e-02 6.522922180788156554e-01 2.217965892705946740e-01
1.115634235604810211e-02 6.522922180788156554e-01 1.929959376916628166e-01
1.115634235604810211e-02 6.522922180788156554e-01 1.891122061815136701e-01
1.115634235604810211e-02 6.522922180788156554e-01 1.890907188407653650e-01
1.115634235604810211e-02 6.522922180788156554e-01 1.891878097878501863e-01
1.115634235604810211e-02 6.522922180788156554e-01 1.837658842857470554e-01
1.115634235604810211e-02 6.522922180788156554e-01 1.640062692946599177e-01
1.221824940592430853e-02 6.522922180788156554e-01 1.520511779152125820e-01
1.318747775633422395e-02 6.522922180788156554e-01 1.296630385326767720e-01
1.416034298610777988e-02 6.522922180788156554e-01 1.299058283182268070e-01
1.512229757779041776e-02 6.522922180788156554e-01 1.179852852121394680e-01
1.609698124724579307e-02 6.513746703112469616e-01 1.089323892350654993e-01
1.706984647701934726e-02 6.158633701598397181e-01 1.086565179953496302e-01
1.804271170679290492e-02 5.614786024511861928e-01 1.101567931506889503e-01
1.925379253488484349e-02 4.638112529862016276e-01 1.222813021470600531e-01
2.023574996306749460e-02 3.806648781369104673e-01 1.574892852418298406e-01
2.119224923570467434e-02 2.983115038882084291e-01 2.172903490571259644e-01
2.217238822420550953e-02 2.210900410600891985e-01 2.587795484259562406e-01
2.279253718648101973e-02 1.661726411334198683e-01 2.659500784520755778e-01
2.279253718648101973e-02 1.333265438289275850e-01 2.589601856492693144e-01
2.279253718648101973e-02 1.171833490212306067e-01 2.312212771000059230e-01
2.279253718648101973e-02 1.171462423100421701e-01 1.839817719830980913e-01
2.279253718648101973e-02 1.171462423100421701e-01 1.561829891226864664e-01
2.279253718648101973e-02 1.171462423100421701e-01 1.536728713700162285e-01
2.279253718648101973e-02 1.171462423100421701e-01 1.513415339099770385e-01
2.279253718648101973e-02 1.026551838705940106e-01 1.293309912387170246e-01
2.279253718648101973e-02 8.051543800840194054e-02 1.172907463237117254e-01
2.279253718648101973e-02 3.724049064719569396e-02 1.202348553043348089e-01
2.279253718648101973e-02 -5.587223194949905714e-03 1.500807872081497407e-01
2.279253718648101973e-02 -4.858813127998699161e-02 1.988705797731334102e-01
-5.855265677328527047e-05 -7.876307801112980567e-02 2.066993371103956478e-01
-1.894516189970917421e-04 -9.234626483496995164e-02 1.699740075815801832e-01
-1.440280169704185329e-03 -9.229788407516684168e-02 1.087904354668831758e-01
-2.326424005850271162e-02 -9.229788407516684168e-02 8.613382135844023513e-02
-2.329148891246865180e-02 -9.229788407516684168e-02 8.848798814274573543e-02
-2.350424635524156133e-02 -9.229788407516684168e-02 9.521748932967222245e-02
-2.350424635524156133e-02 -9.229788407516684168e-02 9.153319841654826428e-02
-2.350424635524156133e-02 -9.229788407516684168e-02 6.009545559789553071e-02
-2.350424635524156133e-02 -9.229788407516684168e-02 4.637621765275786595e-02
-2.350424635524156133e-02 -9.229788407516684168e-02 4.723259819301622170e-02
-2.350424635524156133e-02 -9.229788407516684168e-02 4.695422243754863306e-02
-2.350424635524156133e-02 -9.229788407516684168e-02 4.057020788533675232e-02
-2.350424635524156133e-02 -9.229788407516684168e-02 1.651723261856098690e-02
-2.350424635524156133e-02 -9.229788407516684168e-02 -2.139568941824931611e-02
-2.350424635524156133e-02 -9.229788407516684168e-02 -4.063249406075834791e-02
-2.350424635524156133e-02 -9.229788407516684168e-02 -3.560302949289510799e-02
-2.350424635524156133e-02 -9.229788407516684168e-02 -3.554788333297905639e-02
-2.350424635524156133e-02 -9.229788407516684168e-02 -4.323259005281199913e-02
-2.350424635524156133e-02 -9.229788407516684168e-02 -5.403139488352143999e-02
-2.350424635524156133e-02 -9.229788407516684168e-02 -5.483908365842948135e-02
-2.350424635524156133e-02 -9.229788407516684168e-02 -4.929297201585609162e-02
-2.350424635524156133e-02 -9.229788407516684168e-02 -2.309616722902331151e-02
-2.350424635524156133e-02 -9.229788407516684168e-02 4.371965789923808882e-03
-2.350424635524156133e-02 -9.229788407516684168e-02 -4.239634121588179566e-03
-5.341913549262957382e-03 -9.229788407516684168e-02 -2.586393947784704564e-02
-3.713587906583042000e-04 -9.229788407516684168e-02 -3.950131118626068472e-02
-1.768830339573508603e-02 -9.229788407516684168e-02 -3.724541153517572228e-02
-7.020011576950849555e-03 -9.229788407516684168e-02 -2.274324860473650109e-02
-3.859473077465872567e-04 -9.229788407516684168e-02 -5.587914039049086262e-03
-4.986665978357709451e-04 -9.229788407516684168e-02 5.982301148760000610e-03
-4.986665978357709451e-04 -9.229788407516684168e-02 9.037946904861291842e-04
-4.986665978357709451e-04 -9.229788407516684168e-02 -9.352560116431049911e-03
-4.986665978357709451e-04 -9.229788407516684168e-02 -8.944644915601792159e-03
-4.986665978357709451e-04 -9.229788407516684168e-02 -8.675828842142853728e-03
-4.986665978357709451e-04 -9.229788407516684168e-02 -5.810252229850987327e-03
-4.986665978357709451e-04 -9.229788407516684168e-02 -4.206412227286742030e-03
-4.986665978357709451e-04 -9.229788407516684168e-02 -3.200457090931789744e-03
-4.986665978357709451e-04 -9.229788407516684168e-02 -3.198537742411790893e-03
-4.986665978357709451e-04 -9.229788407516684168e-02 -3.198592358020083733e-03
-4.986665978357709451e-04 -9.229788407516684168e-02 -3.198592358020083733e-03
-4.986665978357709451e-04 -9.229788407516684168e-02 -3.450331301100376460e-03
-4.986665978357709451e-04 -9.229788407516684168e-02 -3.451092018501595443e-03
-4.986665978357709451e-04 -9.229788407516684168e-02 -3.451092018501595443e-03
-4.986665978357709451e-04 -9.229788407516684168e-02 -3.451092018501595443e-03
-4.986665978357709451e-04 -9.229788407516684168e-02 -3.451092018501595443e-03
-4.986665978357709451e-04 -9.229788407516684168e-02 -3.451092018501595443e-03
-4.986665978357709451e-04 -9.229788407516684168e-02 -3.451092018501595443e-03
-4.986665978357709451e-04 -9.229788407516684168e-02 -3.451092018501595443e-03
-4.986665978357709451e-04 -9.229788407516684168e-02 -3.451092018501595443e-03
-4.986665978357709451e-04 -9.229788407516684168e-02 -3.451092018501595443e-03
-4.986665978357709451e-04 -9.229788407516684168e-02 -1.123597449200916358e-02
-4.986665978357709451e-04 -9.229788407516684168e-02 -4.486935156383207307e-02
-4.986665978357709451e-04 -9.229788407516684168e-02 -8.340526067817381761e-02
-4.986665978357709451e-04 -9.229788407516684168e-02 -9.428299676621075542e-02
-4.986665978357709451e-04 -9.229788407516684168e-02 -9.206223250627491861e-02
-4.986665978357709451e-04 -9.229788407516684168e-02 -9.038113287410841357e-02
-4.986665978357709451e-04 -9.229788407516684168e-02 -9.063263775029602176e-02
-4.986665978357709451e-04 -9.229788407516684168e-02 -9.063298885063504617e-02
-4.986665978357709451e-04 -9.229788407516684168e-02 -9.009956600667057280e-02
-4.986665978357709451e-04 -9.229788407516684168e-02 -8.897494090628292607e-02
-4.986665978357709451e-04 -9.229788407516684168e-02 -8.897458590482902607e-02
-4.986665978357709451e-04 -9.229788407516684168e-02 -8.897385249523194484e-02
-4.986665978357709451e-04 -9.229788407516684168e-02 -8.895608291696244230e-02
-4.986665978357709451e-04 -9.229788407516684168e-02 -8.893517294121611183e-02
-4.986665978357709451e-04 -9.229788407516684168e-02 -8.882444759763254150e-02
-4.986665978357709451e-04 -9.229788407516684168e-02 -8.759519069510081357e-02
-4.986665978357709451e-04 -9.229788407516684168e-02 -8.514551291523612953e-02
-4.986665978357709451e-04 -9.229788407516684168e-02 -8.284495915269961264e-02
-4.986665978357709451e-04 -9.229788407516684168e-02 -8.207125884116654724e-02
-4.986665978357709451e-04 -9.229788407516684168e-02 -8.207184400839825922e-02
-4.986665978357709451e-04 -9.229788407516684168e-02 -8.207107158765240829e-02
-4.986665978357709451e-04 -9.229788407516684168e-02 -8.207256571465069983e-02
-4.986665978357709451e-04 -9.229788407516684168e-02 -8.207177378833045711e-02
-4.986665978357709451e-04 -9.229788407516684168e-02 -8.207098186201021439e-02
-4.986665978357709451e-04 -9.229788407516684168e-02 -8.207009240781802661e-02
-4.986665978357709451e-04 -9.229788407516684168e-02 -8.207253450573168130e-02
-4.986665978357709451e-04 -9.229788407516684168e-02 -8.207172307383704679e-02
-4.986665978357709451e-04 -9.229788407516684168e-02 -8.207091164194241228e-02
-4.986665978357709451e-04 -9.229788407516684168e-02 -8.155386957935086001e-02
-4.986665978357709451e-04 -9.229788407516684168e-02 -7.936456000867669891e-02
-4.986665978357709451e-04 -9.229788407516684168e-02 -6.110140488257816832e-02
-4.986665978357709451e-04 -9.229788407516684168e-02 -4.238657087366973220e-02
-4.986665978357709451e-04 -9.229788407516684168e-02 -3.044749747191166298e-02
-4.986665978357709451e-04 -9.229788407516684168e-02 -3.068148146590324657e-02
-4.986665978357709451e-04 -9.229788407516684168e-02 -3.068198666027995361e-02
-4.986665978357709451e-04 -9.229788407516684168e-02 -3.068411423080657022e-02
